[gd_scene load_steps=16 format=3 uid="uid://dfoyqfg2gqaff"]

[ext_resource type="Script" path="res://skrip/entitas/permukaan.gd" id="3_kx3r3"]
[ext_resource type="ArrayMesh" uid="uid://d0ylp0id374jd" path="res://model/detail_air.res" id="4_dha2v"]
[ext_resource type="Shader" uid="uid://bbo1abph4arco" path="res://material/air.tres" id="4_hpns3"]
[ext_resource type="Image" uid="uid://bllj5hw6hqn7k" path="res://map/pulau/pulau.png" id="4_kp02e"]
[ext_resource type="Texture2D" uid="uid://8445g8tcy0q3" path="res://material/dev/Dark/texture_01.png" id="4_v0af0"]
[ext_resource type="PackedScene" uid="uid://bhgg2rss6262a" path="res://tmp/mercusar.glb" id="7_cn3py"]
[ext_resource type="PackedScene" uid="uid://dvtfq67kfjnh7" path="res://skena/entitas/bola_batu.scn" id="7_mxxfs"]

[sub_resource type="StandardMaterial3D" id="StandardMaterial3D_fu78a"]
albedo_texture = ExtResource("4_v0af0")
uv1_scale = Vector3(25, 25, 25)
point_size = 128.0

[sub_resource type="QuadMesh" id="QuadMesh_56wji"]
material = SubResource("StandardMaterial3D_fu78a")
size = Vector2(2000, 2000)
orientation = 1

[sub_resource type="BoxShape3D" id="BoxShape3D_oj1l1"]
size = Vector3(50, 1, 50)

[sub_resource type="PlaneMesh" id="PlaneMesh_nopol"]
size = Vector2(1500, 1500)

[sub_resource type="StandardMaterial3D" id="StandardMaterial3D_du3w3"]
albedo_color = Color(0, 0.266667, 0.533333, 1)
roughness = 0.0
proximity_fade_distance = 25.0
distance_fade_mode = 1
distance_fade_min_distance = 2.5
distance_fade_max_distance = 15.0

[sub_resource type="ShaderMaterial" id="ShaderMaterial_camcf"]
render_priority = 0
shader = ExtResource("4_hpns3")
shader_parameter/ColorParameter = Color(0, 0.266667, 0.533333, 1)
shader_parameter/posisi_offset = Vector2(0, 0)

[sub_resource type="BoxMesh" id="BoxMesh_njgt3"]

[sub_resource type="ConvexPolygonShape3D" id="ConvexPolygonShape3D_ilglt"]
points = PackedVector3Array(-0.5, -0.5, -0.5, 0.5, 0.5, 0.5, 0.5, -0.5, 0.5, 0.5, 0.5, -0.5, -0.5, 0.5, 0.5, 0.5, -0.5, -0.5, -0.5, -0.5, 0.5, -0.5, 0.5, -0.5)

[node name="lingkungan" type="Node3D"]
transform = Transform3D(1, 0, 0, 0, 1, 0, 0, 0, 1, 0, 5, 0)

[node name="posisi_spawn" type="Marker3D" parent="."]
transform = Transform3D(0.707107, 0, 0.707107, 0, 1, 0, -0.707107, 0, 0.707107, -164.522, -1.028, 16.845)

[node name="lantai" type="StaticBody3D" parent="." groups=["dapat_diedit"]]
transform = Transform3D(1, 0, 0, 0, 1, 0, 0, 0, 1, 0, -5, 0)

[node name="m_lantai" type="MeshInstance3D" parent="lantai"]
transform = Transform3D(1, 0, 0, 0, 1, 0, 0, 0, 1, 0, -0.5, 0)
mesh = SubResource("QuadMesh_56wji")
skeleton = NodePath("../..")

[node name="f_lantai" type="CollisionShape3D" parent="lantai"]
transform = Transform3D(1, 0, 0, 0, 1, 0, 0, 0, 1, 0, -1, 0)
shape = SubResource("BoxShape3D_oj1l1")

[node name="permukaan" type="Node3D" parent="."]
transform = Transform3D(1, 0, 0, 0, 1, 0, 0, 0, 1, 0, -4.95, 0)
script = ExtResource("3_kx3r3")
gunakan_frustum_culling = true
hasilkan_vegetasi = true
hasilkan_fisik = true
hasilkan_potongan = true
jumlah_potongan = 6
hasilkan_lod = true
tinggi_maks = 60
tekstur = ExtResource("4_kp02e")
potongan = [{
"indeks": "1_1",
"lebar_x": 212.5,
"lebar_y": 212.5,
"pusat_x": -533.75,
"pusat_y": -533.75,
"start_x": -640.0,
"start_y": -640.0,
"vegetasi": {}
}, {
"indeks": "1_2",
"lebar_x": 212.5,
"lebar_y": 212.5,
"pusat_x": -321.25,
"pusat_y": -533.75,
"start_x": -427.5,
"start_y": -640.0,
"vegetasi": {}
}, {
"indeks": "1_3",
"lebar_x": 212.5,
"lebar_y": 212.5,
"pusat_x": -108.75,
"pusat_y": -533.75,
"start_x": -215.0,
"start_y": -640.0,
"vegetasi": {}
}, {
"indeks": "1_4",
"lebar_x": 212.5,
"lebar_y": 212.5,
"pusat_x": 103.75,
"pusat_y": -533.75,
"start_x": -2.5,
"start_y": -640.0,
"vegetasi": {}
}, {
"indeks": "1_5",
"lebar_x": 212.5,
"lebar_y": 212.5,
"pusat_x": 316.25,
"pusat_y": -533.75,
"start_x": 210.0,
"start_y": -640.0,
"vegetasi": {}
}, {
"indeks": "1_6",
"lebar_x": 212.5,
"lebar_y": 212.5,
"pusat_x": 528.75,
"pusat_y": -533.75,
"start_x": 422.5,
"start_y": -640.0,
"vegetasi": {}
}, {
"indeks": "2_1",
"lebar_x": 212.5,
"lebar_y": 212.5,
"pusat_x": -533.75,
"pusat_y": -321.25,
"start_x": -640.0,
"start_y": -427.5,
"vegetasi": {}
}, {
"indeks": "2_2",
"lebar_x": 212.5,
"lebar_y": 212.5,
"pusat_x": -321.25,
"pusat_y": -321.25,
"start_x": -427.5,
"start_y": -427.5,
"vegetasi": {}
}, {
"indeks": "2_3",
"lebar_x": 212.5,
"lebar_y": 212.5,
"pusat_x": -108.75,
"pusat_y": -321.25,
"start_x": -215.0,
"start_y": -427.5,
"vegetasi": {}
}, {
"indeks": "2_4",
"lebar_x": 212.5,
"lebar_y": 212.5,
"pusat_x": 103.75,
"pusat_y": -321.25,
"start_x": -2.5,
"start_y": -427.5,
"vegetasi": {}
}, {
"indeks": "2_5",
"lebar_x": 212.5,
"lebar_y": 212.5,
"pusat_x": 316.25,
"pusat_y": -321.25,
"start_x": 210.0,
"start_y": -427.5,
"vegetasi": {}
}, {
"indeks": "2_6",
"lebar_x": 212.5,
"lebar_y": 212.5,
"pusat_x": 528.75,
"pusat_y": -321.25,
"start_x": 422.5,
"start_y": -427.5,
"vegetasi": {}
}, {
"indeks": "3_1",
"lebar_x": 212.5,
"lebar_y": 212.5,
"pusat_x": -533.75,
"pusat_y": -108.75,
"start_x": -640.0,
"start_y": -215.0,
"vegetasi": {}
}, {
"indeks": "3_2",
"lebar_x": 212.5,
"lebar_y": 212.5,
"pusat_x": -321.25,
"pusat_y": -108.75,
"start_x": -427.5,
"start_y": -215.0,
"vegetasi": {}
}, {
"indeks": "3_3",
"lebar_x": 212.5,
"lebar_y": 212.5,
"pusat_x": -108.75,
"pusat_y": -108.75,
"start_x": -215.0,
"start_y": -215.0,
"vegetasi": {}
}, {
"indeks": "3_4",
"lebar_x": 212.5,
"lebar_y": 212.5,
"pusat_x": 103.75,
"pusat_y": -108.75,
"start_x": -2.5,
"start_y": -215.0,
"vegetasi": {}
}, {
"indeks": "3_5",
"lebar_x": 212.5,
"lebar_y": 212.5,
"pusat_x": 316.25,
"pusat_y": -108.75,
"start_x": 210.0,
"start_y": -215.0,
"vegetasi": {}
}, {
"indeks": "3_6",
"lebar_x": 212.5,
"lebar_y": 212.5,
"pusat_x": 528.75,
"pusat_y": -108.75,
"start_x": 422.5,
"start_y": -215.0,
"vegetasi": {}
}, {
"indeks": "4_1",
"lebar_x": 212.5,
"lebar_y": 212.5,
"pusat_x": -533.75,
"pusat_y": 103.75,
"start_x": -640.0,
"start_y": -2.5,
"vegetasi": {}
}, {
"indeks": "4_2",
"lebar_x": 212.5,
"lebar_y": 212.5,
"pusat_x": -321.25,
"pusat_y": 103.75,
"start_x": -427.5,
"start_y": -2.5,
"vegetasi": {}
}, {
"indeks": "4_3",
"lebar_x": 212.5,
"lebar_y": 212.5,
"pusat_x": -108.75,
"pusat_y": 103.75,
"start_x": -215.0,
"start_y": -2.5,
"vegetasi": {}
}, {
"indeks": "4_4",
"lebar_x": 212.5,
"lebar_y": 212.5,
"pusat_x": 103.75,
"pusat_y": 103.75,
"start_x": -2.5,
"start_y": -2.5,
"vegetasi": {}
}, {
"indeks": "4_5",
"lebar_x": 212.5,
"lebar_y": 212.5,
"pusat_x": 316.25,
"pusat_y": 103.75,
"start_x": 210.0,
"start_y": -2.5,
"vegetasi": {}
}, {
"indeks": "4_6",
"lebar_x": 212.5,
"lebar_y": 212.5,
"pusat_x": 528.75,
"pusat_y": 103.75,
"start_x": 422.5,
"start_y": -2.5,
"vegetasi": {}
}, {
"indeks": "5_1",
"lebar_x": 212.5,
"lebar_y": 212.5,
"pusat_x": -533.75,
"pusat_y": 316.25,
"start_x": -640.0,
"start_y": 210.0,
"vegetasi": {}
}, {
"indeks": "5_2",
"lebar_x": 212.5,
"lebar_y": 212.5,
"pusat_x": -321.25,
"pusat_y": 316.25,
"start_x": -427.5,
"start_y": 210.0,
"vegetasi": {}
}, {
"indeks": "5_3",
"lebar_x": 212.5,
"lebar_y": 212.5,
"pusat_x": -108.75,
"pusat_y": 316.25,
"start_x": -215.0,
"start_y": 210.0,
"vegetasi": {}
}, {
"indeks": "5_4",
"lebar_x": 212.5,
"lebar_y": 212.5,
"pusat_x": 103.75,
"pusat_y": 316.25,
"start_x": -2.5,
"start_y": 210.0,
"vegetasi": {}
}, {
"indeks": "5_5",
"lebar_x": 212.5,
"lebar_y": 212.5,
"pusat_x": 316.25,
"pusat_y": 316.25,
"start_x": 210.0,
"start_y": 210.0,
"vegetasi": {}
}, {
"indeks": "5_6",
"lebar_x": 212.5,
"lebar_y": 212.5,
"pusat_x": 528.75,
"pusat_y": 316.25,
"start_x": 422.5,
"start_y": 210.0,
"vegetasi": {}
}, {
"indeks": "6_1",
"lebar_x": 212.5,
"lebar_y": 212.5,
"pusat_x": -533.75,
"pusat_y": 528.75,
"start_x": -640.0,
"start_y": 422.5,
"vegetasi": {}
}, {
"indeks": "6_2",
"lebar_x": 212.5,
"lebar_y": 212.5,
"pusat_x": -321.25,
"pusat_y": 528.75,
"start_x": -427.5,
"start_y": 422.5,
"vegetasi": {}
}, {
"indeks": "6_3",
"lebar_x": 212.5,
"lebar_y": 212.5,
"pusat_x": -108.75,
"pusat_y": 528.75,
"start_x": -215.0,
"start_y": 422.5,
"vegetasi": {}
}, {
"indeks": "6_4",
"lebar_x": 212.5,
"lebar_y": 212.5,
"pusat_x": 103.75,
"pusat_y": 528.75,
"start_x": -2.5,
"start_y": 422.5,
"vegetasi": {}
}, {
"indeks": "6_5",
"lebar_x": 212.5,
"lebar_y": 212.5,
"pusat_x": 316.25,
"pusat_y": 528.75,
"start_x": 210.0,
"start_y": 422.5,
"vegetasi": {}
}, {
"indeks": "6_6",
"lebar_x": 212.5,
"lebar_y": 212.5,
"pusat_x": 528.75,
"pusat_y": 528.75,
"start_x": 422.5,
"start_y": 422.5,
"vegetasi": {}
}]
vegetasi = [{
"model": 0,
"posisi": Vector3(198.363, 6.43137, -397.973),
"rotasi": Basis(0.865238, 0, -0.501361, 0, 1, 0, 0.501361, 0, 0.865238),
"tipe": "batu"
}, {
"model": 4,
"posisi": Vector3(193.372, 6.58824, -395.478),
"rotasi": Basis(0.770587, 0, -0.637335, 0, 1, 0, 0.637335, 0, 0.770587),
"tipe": "semak"
}, {
"model": 1,
"posisi": Vector3(180.897, 6.35294, -390.487),
"rotasi": Basis(-0.124751, 0, -0.992188, 0, 1, 0, 0.992188, 0, -0.124751),
"tipe": "semak"
}, {
"posisi": Vector3(188.382, 6.66667, -390.487),
"tipe": "bunga_nektar"
}, {
"posisi": Vector3(210.838, 6.19608, -390.487),
"tipe": "bunga_nektar"
}, {
"posisi": Vector3(175.906, 6.11765, -387.992),
"tipe": "pencemaran"
}, {
"model": 3,
"posisi": Vector3(185.887, 6.66667, -387.992),
"rotasi": Basis(0.194691, 0, 0.980865, 0, 1, 0, -0.980865, 0, 0.194691),
"tipe": "semak"
}, {
"model": 2,
"posisi": Vector3(175.906, 6.19608, -385.497),
"rotasi": Basis(-0.965815, 0, 0.259231, 0, 1, 0, -0.259231, 0, -0.965815),
"tipe": "batu"
}, {
"model": 4,
"posisi": Vector3(183.392, 6.58824, -385.497),
"rotasi": Basis(-0.678891, 0, -0.734239, 0, 1, 0, 0.734239, 0, -0.678891),
"tipe": "semak"
}, {
"model": 2,
"posisi": Vector3(190.877, 6.66667, -385.497),
"rotasi": Basis(-0.812126, 0, -0.583482, 0, 1, 0, 0.583482, 0, -0.812126),
"tipe": "pohon"
}, {
"model": 0,
"posisi": Vector3(-233.294, 6.5098, -383.002),
"rotasi": Basis(0.869702, 0, -0.493577, 0, 1, 0, 0.493577, 0, 0.869702),
"tipe": "pohon"
}, {
"model": 4,
"posisi": Vector3(208.343, 6.19608, -383.002),
"rotasi": Basis(-0.00801553, 0, -0.999968, 0, 1, 0, 0.999968, 0, -0.00801553),
"tipe": "pohon"
}, {
"model": 4,
"posisi": Vector3(168.421, 6.03922, -380.507),
"rotasi": Basis(0.493317, 0, 0.86985, 0, 1, 0, -0.86985, 0, 0.493317),
"tipe": "batu"
}, {
"posisi": Vector3(190.877, 6.58824, -378.012),
"tipe": "bunga_nektar"
}, {
"posisi": Vector3(-288.187, 6.35294, -375.517),
"tipe": "bunga_nektar"
}, {
"posisi": Vector3(-283.197, 6.43137, -375.517),
"tipe": "pencemaran"
}, {
"model": 3,
"posisi": Vector3(175.906, 6.35294, -375.517),
"rotasi": Basis(-0.669346, 0, 0.742951, 0, 1, 0, -0.742951, 0, -0.669346),
"tipe": "batu"
}, {
"model": 1,
"posisi": Vector3(-268.226, 6.90196, -373.021),
"rotasi": Basis(-0.975074, 0, -0.221879, 0, 1, 0, 0.221879, 0, -0.975074),
"tipe": "semak"
}, {
"posisi": Vector3(-248.265, 7.52941, -373.021),
"tipe": "pencemaran"
}, {
"model": 0,
"posisi": Vector3(-233.294, 7.52941, -373.021),
"rotasi": Basis(0.877428, 0, 0.479709, 0, 1, 0, -0.479709, 0, 0.877428),
"tipe": "semak"
}, {
"model": 2,
"posisi": Vector3(-275.712, 6.98039, -370.526),
"rotasi": Basis(0.608194, 0, 0.793788, 0, 1, 0, -0.793788, 0, 0.608194),
"tipe": "semak"
}, {
"model": 3,
"posisi": Vector3(-263.236, 7.45098, -370.526),
"rotasi": Basis(-0.360349, 0, -0.932818, 0, 1, 0, 0.932818, 0, -0.360349),
"tipe": "pohon"
}, {
"posisi": Vector3(-250.76, 7.76471, -370.526),
"tipe": "bunga_nektar"
}, {
"posisi": Vector3(-210.838, 7.05882, -370.526),
"tipe": "pencemaran"
}, {
"model": 0,
"posisi": Vector3(-198.363, 6.7451, -368.031),
"rotasi": Basis(-0.0754317, 0, 0.997151, 0, 1, 0, -0.997151, 0, -0.0754317),
"tipe": "pohon"
}, {
"model": 2,
"posisi": Vector3(173.411, 6.03922, -368.031),
"rotasi": Basis(0.988238, 0, 0.152923, 0, 1, 0, -0.152923, 0, 0.988238),
"tipe": "semak"
}, {
"model": 0,
"posisi": Vector3(-265.731, 7.92157, -365.536),
"rotasi": Basis(-0.930415, 0, 0.366508, 0, 1, 0, -0.366508, 0, -0.930415),
"tipe": "batu"
}, {
"posisi": Vector3(-253.255, 8.23529, -365.536),
"tipe": "pencemaran"
}, {
"model": 4,
"posisi": Vector3(-273.216, 8.07843, -363.041),
"rotasi": Basis(-0.528285, 0, -0.849067, 0, 1, 0, 0.849067, 0, -0.528285),
"tipe": "semak"
}, {
"model": 3,
"posisi": Vector3(-263.236, 8.23529, -363.041),
"rotasi": Basis(0.592061, 0, 0.805893, 0, 1, 0, -0.805893, 0, 0.592061),
"tipe": "semak"
}, {
"model": 3,
"posisi": Vector3(-240.78, 8.39216, -363.041),
"rotasi": Basis(0.192037, 0, 0.981388, 0, 1, 0, -0.981388, 0, 0.192037),
"tipe": "batu"
}, {
"posisi": Vector3(188.382, 6.43137, -363.041),
"tipe": "pencemaran"
}, {
"model": 1,
"posisi": Vector3(-218.324, 7.92157, -360.546),
"rotasi": Basis(-0.975329, 0, 0.220755, 0, 1, 0, -0.220755, 0, -0.975329),
"tipe": "semak"
}, {
"model": 1,
"posisi": Vector3(185.887, 6.27451, -360.546),
"rotasi": Basis(0.985226, 0, -0.17126, 0, 1, 0, 0.17126, 0, 0.985226),
"tipe": "batu"
}, {
"posisi": Vector3(200.858, 6.27451, -360.546),
"tipe": "bunga_nektar"
}, {
"posisi": Vector3(-270.721, 8.54902, -358.051),
"tipe": "pencemaran"
}, {
"posisi": Vector3(-260.741, 8.70588, -358.051),
"tipe": "pencemaran"
}, {
"posisi": Vector3(-180.897, 6.03922, -358.051),
"tipe": "pencemaran"
}, {
"model": 1,
"posisi": Vector3(193.372, 6.11765, -358.051),
"rotasi": Basis(-0.84608, 0, -0.533055, 0, 1, 0, 0.533055, 0, -0.84608),
"tipe": "batu"
}, {
"posisi": Vector3(-200.858, 7.45098, -355.556),
"tipe": "bunga_nektar"
}, {
"posisi": Vector3(198.363, 6.27451, -353.06),
"tipe": "bunga_nektar"
}, {
"model": 0,
"posisi": Vector3(-258.246, 9.2549, -350.565),
"rotasi": Basis(0.0552292, 0, -0.998474, 0, 1, 0, 0.998474, 0, 0.0552292),
"tipe": "pohon"
}, {
"model": 3,
"posisi": Vector3(-233.294, 8.47059, -350.565),
"rotasi": Basis(0.722912, 0, -0.69094, 0, 1, 0, 0.69094, 0, 0.722912),
"tipe": "semak"
}, {
"posisi": Vector3(-283.197, 8.70588, -348.07),
"tipe": "bunga_nektar"
}, {
"model": 4,
"posisi": Vector3(-250.76, 9.01961, -348.07),
"rotasi": Basis(-0.368835, 0, -0.929495, 0, 1, 0, 0.929495, 0, -0.368835),
"tipe": "batu"
}, {
"posisi": Vector3(-190.877, 6.98039, -348.07),
"tipe": "pencemaran"
}, {
"model": 2,
"posisi": Vector3(-270.721, 9.33333, -345.575),
"rotasi": Basis(-0.164978, 0, -0.986297, 0, 1, 0, 0.986297, 0, -0.164978),
"tipe": "batu"
}, {
"model": 2,
"posisi": Vector3(-260.741, 9.56863, -345.575),
"rotasi": Basis(-0.162854, 0, 0.98665, 0, 1, 0, -0.98665, 0, -0.162854),
"tipe": "pohon"
}, {
"model": 4,
"posisi": Vector3(-270.721, 9.41177, -343.08),
"rotasi": Basis(0.929434, 0, -0.368989, 0, 1, 0, 0.368989, 0, 0.929434),
"tipe": "pohon"
}, {
"posisi": Vector3(-263.236, 9.56863, -343.08),
"tipe": "pencemaran"
}, {
"model": 4,
"posisi": Vector3(-185.887, 6.7451, -343.08),
"rotasi": Basis(0.462236, 0, -0.886757, 0, 1, 0, 0.886757, 0, 0.462236),
"tipe": "batu"
}, {
"posisi": Vector3(-293.177, 7.60784, -340.585),
"tipe": "bunga_nektar"
}, {
"posisi": Vector3(-228.304, 9.01961, -340.585),
"tipe": "pencemaran"
}, {
"posisi": Vector3(-218.324, 9.01961, -340.585),
"tipe": "bunga_nektar"
}, {
"model": 1,
"posisi": Vector3(-195.867, 7.29412, -340.585),
"rotasi": Basis(-0.804174, 0, -0.594394, 0, 1, 0, 0.594394, 0, -0.804174),
"tipe": "pohon"
}, {
"model": 1,
"posisi": Vector3(-190.877, 6.98039, -340.585),
"rotasi": Basis(-0.998611, 0, -0.0526948, 0, 1, 0, 0.0526948, 0, -0.998611),
"tipe": "batu"
}, {
"posisi": Vector3(-180.897, 6.35294, -340.585),
"tipe": "pencemaran"
}, {
"model": 0,
"posisi": Vector3(203.353, 6.19608, -340.585),
"rotasi": Basis(0.682918, 0, -0.730495, 0, 1, 0, 0.730495, 0, 0.682918),
"tipe": "batu"
}, {
"posisi": Vector3(-238.285, 9.17647, -338.09),
"tipe": "bunga_nektar"
}, {
"model": 4,
"posisi": Vector3(-200.858, 7.60784, -338.09),
"rotasi": Basis(0.763352, 0, 0.645983, 0, 1, 0, -0.645983, 0, 0.763352),
"tipe": "batu"
}, {
"model": 1,
"posisi": Vector3(-190.877, 6.98039, -338.09),
"rotasi": Basis(0.904578, 0, 0.426307, 0, 1, 0, -0.426307, 0, 0.904578),
"tipe": "semak"
}, {
"model": 0,
"posisi": Vector3(-268.226, 9.80392, -335.595),
"rotasi": Basis(-0.0365607, 0, 0.999331, 0, 1, 0, -0.999331, 0, -0.0365607),
"tipe": "pohon"
}, {
"model": 2,
"posisi": Vector3(-218.324, 9.33333, -335.595),
"rotasi": Basis(-0.465243, 0, 0.885183, 0, 1, 0, -0.885183, 0, -0.465243),
"tipe": "pohon"
}, {
"model": 3,
"posisi": Vector3(-193.372, 7.05882, -335.595),
"rotasi": Basis(-0.823289, 0, -0.567622, 0, 1, 0, 0.567622, 0, -0.823289),
"tipe": "pohon"
}, {
"model": 0,
"posisi": Vector3(-243.275, 9.4902, -333.099),
"rotasi": Basis(0.527177, 0, 0.849755, 0, 1, 0, -0.849755, 0, 0.527177),
"tipe": "semak"
}, {
"model": 0,
"posisi": Vector3(-220.819, 9.56863, -333.099),
"rotasi": Basis(0.998755, 0, 0.0498923, 0, 1, 0, -0.0498923, 0, 0.998755),
"tipe": "pohon"
}, {
"model": 1,
"posisi": Vector3(-293.177, 7.84314, -330.604),
"rotasi": Basis(-0.535801, 0, 0.844345, 0, 1, 0, -0.844345, 0, -0.535801),
"tipe": "pohon"
}, {
"posisi": Vector3(-215.828, 9.33333, -330.604),
"tipe": "bunga_nektar"
}, {
"posisi": Vector3(215.828, 6.19608, -330.604),
"tipe": "bunga_nektar"
}, {
"posisi": Vector3(-285.692, 9.09804, -328.109),
"tipe": "bunga_nektar"
}, {
"posisi": Vector3(-250.76, 9.41177, -328.109),
"tipe": "pencemaran"
}, {
"posisi": Vector3(-240.78, 9.4902, -328.109),
"tipe": "bunga_nektar"
}, {
"posisi": Vector3(-238.285, 9.56863, -328.109),
"tipe": "bunga_nektar"
}, {
"model": 2,
"posisi": Vector3(-283.197, 9.33333, -325.614),
"rotasi": Basis(-0.173095, 0, -0.984905, 0, 1, 0, 0.984905, 0, -0.173095),
"tipe": "semak"
}, {
"posisi": Vector3(-278.207, 9.72549, -325.614),
"tipe": "pencemaran"
}, {
"model": 4,
"posisi": Vector3(-248.265, 9.41177, -325.614),
"rotasi": Basis(-0.756454, 0, 0.654047, 0, 1, 0, -0.654047, 0, -0.756454),
"tipe": "semak"
}, {
"model": 2,
"posisi": Vector3(-218.324, 9.72549, -325.614),
"rotasi": Basis(0.958431, 0, -0.285325, 0, 1, 0, 0.285325, 0, 0.958431),
"tipe": "semak"
}, {
"model": 1,
"posisi": Vector3(-285.692, 9.01961, -323.119),
"rotasi": Basis(-0.79639, 0, -0.604783, 0, 1, 0, 0.604783, 0, -0.79639),
"tipe": "batu"
}, {
"model": 2,
"posisi": Vector3(-255.751, 9.41177, -323.119),
"rotasi": Basis(-0.925554, 0, 0.378616, 0, 1, 0, -0.378616, 0, -0.925554),
"tipe": "batu"
}, {
"model": 3,
"posisi": Vector3(-243.275, 9.56863, -323.119),
"rotasi": Basis(0.86729, 0, 0.497803, 0, 1, 0, -0.497803, 0, 0.86729),
"tipe": "batu"
}, {
"model": 4,
"posisi": Vector3(-233.294, 9.80392, -323.119),
"rotasi": Basis(0.912933, 0, -0.40811, 0, 1, 0, 0.40811, 0, 0.912933),
"tipe": "semak"
}, {
"model": 2,
"posisi": Vector3(-295.673, 7.45098, -318.129),
"rotasi": Basis(-0.811527, 0, 0.584314, 0, 1, 0, -0.584314, 0, -0.811527),
"tipe": "pohon"
}, {
"model": 4,
"posisi": Vector3(-285.692, 8.94118, -318.129),
"rotasi": Basis(-0.92132, 0, 0.388805, 0, 1, 0, -0.388805, 0, -0.92132),
"tipe": "pohon"
}, {
"model": 0,
"posisi": Vector3(-208.343, 9.17647, -318.129),
"rotasi": Basis(-0.803411, 0, 0.595425, 0, 1, 0, -0.595425, 0, -0.803411),
"tipe": "batu"
}, {
"model": 4,
"posisi": Vector3(208.343, 6.35294, -318.129),
"rotasi": Basis(-0.951558, 0, 0.307468, 0, 1, 0, -0.307468, 0, -0.951558),
"tipe": "batu"
}, {
"model": 2,
"posisi": Vector3(-298.168, 6.98039, -315.634),
"rotasi": Basis(-0.263401, 0, -0.964686, 0, 1, 0, 0.964686, 0, -0.263401),
"tipe": "semak"
}, {
"posisi": Vector3(-250.76, 9.33333, -315.634),
"tipe": "bunga_nektar"
}, {
"posisi": Vector3(-243.275, 9.56863, -315.634),
"tipe": "bunga_nektar"
}, {
"model": 0,
"posisi": Vector3(-223.314, 10.1176, -315.634),
"rotasi": Basis(0.194993, 0, -0.980805, 0, 1, 0, 0.980805, 0, 0.194993),
"tipe": "batu"
}, {
"model": 3,
"posisi": Vector3(-220.819, 10.1176, -315.634),
"rotasi": Basis(-0.0542055, 0, -0.99853, 0, 1, 0, 0.99853, 0, -0.0542055),
"tipe": "pohon"
}, {
"posisi": Vector3(-198.363, 8.07843, -313.138),
"tipe": "bunga_nektar"
}, {
"model": 2,
"posisi": Vector3(-183.392, 6.66667, -313.138),
"rotasi": Basis(-0.988926, 0, -0.148409, 0, 1, 0, 0.148409, 0, -0.988926),
"tipe": "semak"
}, {
"model": 3,
"posisi": Vector3(-290.682, 7.84314, -310.643),
"rotasi": Basis(0.985394, 0, -0.17029, 0, 1, 0, 0.17029, 0, 0.985394),
"tipe": "batu"
}, {
"posisi": Vector3(-258.246, 9.41177, -310.643),
"tipe": "bunga_nektar"
}, {
"posisi": Vector3(-198.363, 8.07843, -310.643),
"tipe": "pencemaran"
}, {
"model": 0,
"posisi": Vector3(173.411, 6.27451, -310.643),
"rotasi": Basis(-0.0320949, 0, 0.999485, 0, 1, 0, -0.999485, 0, -0.0320949),
"tipe": "pohon"
}, {
"posisi": Vector3(175.906, 6.43137, -310.643),
"tipe": "bunga_nektar"
}, {
"posisi": Vector3(185.887, 6.19608, -310.643),
"tipe": "pencemaran"
}, {
"model": 2,
"posisi": Vector3(-238.285, 9.80392, -308.148),
"rotasi": Basis(-0.999738, 0, -0.0229034, 0, 1, 0, 0.0229034, 0, -0.999738),
"tipe": "semak"
}, {
"model": 3,
"posisi": Vector3(-200.858, 8.39216, -308.148),
"rotasi": Basis(0.387293, 0, -0.921957, 0, 1, 0, 0.921957, 0, 0.387293),
"tipe": "semak"
}, {
"posisi": Vector3(-195.867, 7.84314, -308.148),
"tipe": "bunga_nektar"
}, {
"model": 2,
"posisi": Vector3(-230.799, 9.64706, -305.653),
"rotasi": Basis(0.977973, 0, -0.208731, 0, 1, 0, 0.208731, 0, 0.977973),
"tipe": "batu"
}, {
"posisi": Vector3(-195.867, 7.92157, -305.653),
"tipe": "pencemaran"
}, {
"model": 4,
"posisi": Vector3(185.887, 6.19608, -305.653),
"rotasi": Basis(-0.51255, 0, -0.858657, 0, 1, 0, 0.858657, 0, -0.51255),
"tipe": "pohon"
}, {
"posisi": Vector3(-200.858, 8.07843, -300.663),
"tipe": "pencemaran"
}, {
"model": 4,
"posisi": Vector3(168.421, 6.11765, -300.663),
"rotasi": Basis(0.658559, 0, -0.752529, 0, 1, 0, 0.752529, 0, 0.658559),
"tipe": "pohon"
}, {
"posisi": Vector3(180.897, 6.27451, -300.663),
"tipe": "bunga_nektar"
}, {
"model": 2,
"posisi": Vector3(-288.187, 7.76471, -298.168),
"rotasi": Basis(0.96046, 0, -0.278418, 0, 1, 0, 0.278418, 0, 0.96046),
"tipe": "batu"
}, {
"posisi": Vector3(-228.304, 9.01961, -298.168),
"tipe": "pencemaran"
}, {
"posisi": Vector3(-198.363, 7.76471, -298.168),
"tipe": "bunga_nektar"
}, {
"posisi": Vector3(178.402, 6.19608, -298.168),
"tipe": "bunga_nektar"
}, {
"model": 2,
"posisi": Vector3(-298.168, 6.11765, -295.673),
"rotasi": Basis(0.999719, 0, 0.0237042, 0, 1, 0, -0.0237042, 0, 0.999719),
"tipe": "batu"
}, {
"posisi": Vector3(-240.78, 8.86275, -295.673),
"tipe": "bunga_nektar"
}, {
"model": 1,
"posisi": Vector3(-188.382, 6.66667, -295.673),
"rotasi": Basis(-0.381484, 0, -0.924376, 0, 1, 0, 0.924376, 0, -0.381484),
"tipe": "pohon"
}, {
"posisi": Vector3(-268.226, 8.54902, -293.177),
"tipe": "bunga_nektar"
}, {
"model": 3,
"posisi": Vector3(-230.799, 8.39216, -293.177),
"rotasi": Basis(0.866382, 0, 0.499383, 0, 1, 0, -0.499383, 0, 0.866382),
"tipe": "semak"
}, {
"model": 4,
"posisi": Vector3(-195.867, 7.29412, -293.177),
"rotasi": Basis(0.573032, 0, -0.819533, 0, 1, 0, 0.819533, 0, 0.573032),
"tipe": "semak"
}, {
"model": 2,
"posisi": Vector3(-278.207, 8.31373, -290.682),
"rotasi": Basis(0.891128, 0, 0.453751, 0, 1, 0, -0.453751, 0, 0.891128),
"tipe": "pohon"
}, {
"model": 1,
"posisi": Vector3(-248.265, 8.31373, -290.682),
"rotasi": Basis(-0.202042, 0, 0.979377, 0, 1, 0, -0.979377, 0, -0.202042),
"tipe": "semak"
}, {
"posisi": Vector3(-215.828, 8.07843, -290.682),
"tipe": "pencemaran"
}, {
"model": 1,
"posisi": Vector3(-183.392, 6.19608, -288.187),
"rotasi": Basis(-0.620437, 0, 0.784256, 0, 1, 0, -0.784256, 0, -0.620437),
"tipe": "pohon"
}, {
"posisi": Vector3(-193.372, 6.82353, -283.197),
"tipe": "bunga_nektar"
}, {
"posisi": Vector3(-280.702, 7.29412, -280.702),
"tipe": "bunga_nektar"
}, {
"model": 4,
"posisi": Vector3(-270.721, 7.92157, -280.702),
"rotasi": Basis(0.710159, 0, 0.704041, 0, 1, 0, -0.704041, 0, 0.710159),
"tipe": "semak"
}, {
"posisi": Vector3(-203.353, 7.37255, -280.702),
"tipe": "pencemaran"
}, {
"model": 2,
"posisi": Vector3(-180.897, 6.03922, -280.702),
"rotasi": Basis(0.999285, 0, -0.0378183, 0, 1, 0, 0.0378183, 0, 0.999285),
"tipe": "semak"
}, {
"model": 4,
"posisi": Vector3(-275.712, 7.45098, -278.207),
"rotasi": Basis(-0.352653, 0, 0.935754, 0, 1, 0, -0.935754, 0, -0.352653),
"tipe": "semak"
}, {
"posisi": Vector3(-213.333, 7.45098, -275.712),
"tipe": "pencemaran"
}, {
"posisi": Vector3(-283.197, 6.43137, -273.216),
"tipe": "bunga_nektar"
}, {
"posisi": Vector3(-278.207, 6.90196, -273.216),
"tipe": "pencemaran"
}, {
"posisi": Vector3(-263.236, 7.60784, -273.216),
"tipe": "bunga_nektar"
}, {
"model": 0,
"posisi": Vector3(-200.858, 7.05882, -270.721),
"rotasi": Basis(-0.876376, 0, 0.481628, 0, 1, 0, -0.481628, 0, -0.876376),
"tipe": "semak"
}, {
"model": 2,
"posisi": Vector3(275.712, 6.11765, -270.721),
"rotasi": Basis(-0.125801, 0, 0.992056, 0, 1, 0, -0.992056, 0, -0.125801),
"tipe": "pohon"
}, {
"model": 1,
"posisi": Vector3(-285.692, 6.11765, -268.226),
"rotasi": Basis(-0.327219, 0, 0.944949, 0, 1, 0, -0.944949, 0, -0.327219),
"tipe": "semak"
}, {
"posisi": Vector3(-250.76, 7.05882, -268.226),
"tipe": "bunga_nektar"
}, {
"posisi": Vector3(-275.712, 6.82353, -265.731),
"tipe": "pencemaran"
}, {
"posisi": Vector3(-260.741, 7.05882, -265.731),
"tipe": "pencemaran"
}, {
"model": 2,
"posisi": Vector3(-238.285, 7.13726, -265.731),
"rotasi": Basis(-0.99923, 0, 0.0392269, 0, 1, 0, -0.0392269, 0, -0.99923),
"tipe": "pohon"
}, {
"model": 4,
"posisi": Vector3(-233.294, 6.98039, -265.731),
"rotasi": Basis(0.240195, 0, -0.970725, 0, 1, 0, 0.970725, 0, 0.240195),
"tipe": "batu"
}, {
"posisi": Vector3(-205.848, 6.98039, -265.731),
"tipe": "bunga_nektar"
}, {
"model": 2,
"posisi": Vector3(-193.372, 6.7451, -265.731),
"rotasi": Basis(0.817358, 0, -0.576131, 0, 1, 0, 0.576131, 0, 0.817358),
"tipe": "batu"
}, {
"model": 1,
"posisi": Vector3(273.216, 6.19608, -265.731),
"rotasi": Basis(0.728062, 0, 0.685511, 0, 1, 0, -0.685511, 0, 0.728062),
"tipe": "batu"
}, {
"posisi": Vector3(-265.731, 6.82353, -263.236),
"tipe": "pencemaran"
}, {
"model": 4,
"posisi": Vector3(273.216, 6.27451, -263.236),
"rotasi": Basis(-0.763615, 0, 0.645672, 0, 1, 0, -0.645672, 0, -0.763615),
"tipe": "batu"
}, {
"posisi": Vector3(-228.304, 6.90196, -260.741),
"tipe": "bunga_nektar"
}, {
"model": 2,
"posisi": Vector3(-210.838, 6.82353, -260.741),
"rotasi": Basis(0.997187, 0, 0.0749575, 0, 1, 0, -0.0749575, 0, 0.997187),
"tipe": "semak"
}, {
"model": 3,
"posisi": Vector3(-203.353, 6.66667, -260.741),
"rotasi": Basis(-0.960592, 0, 0.277962, 0, 1, 0, -0.277962, 0, -0.960592),
"tipe": "semak"
}, {
"model": 1,
"posisi": Vector3(270.721, 6.35294, -260.741),
"rotasi": Basis(0.93125, 0, 0.364381, 0, 1, 0, -0.364381, 0, 0.93125),
"tipe": "semak"
}, {
"model": 4,
"posisi": Vector3(275.712, 6.43137, -260.741),
"rotasi": Basis(0.831966, 0, -0.554826, 0, 1, 0, 0.554826, 0, 0.831966),
"tipe": "batu"
}, {
"model": 0,
"posisi": Vector3(-235.789, 6.90196, -258.246),
"rotasi": Basis(0.695332, 0, -0.718689, 0, 1, 0, 0.718689, 0, 0.695332),
"tipe": "pohon"
}, {
"model": 4,
"posisi": Vector3(-195.867, 6.58824, -258.246),
"rotasi": Basis(-0.895608, 0, 0.444844, 0, 1, 0, -0.444844, 0, -0.895608),
"tipe": "pohon"
}, {
"posisi": Vector3(283.197, 6.19608, -258.246),
"tipe": "pencemaran"
}, {
"model": 1,
"posisi": Vector3(-253.255, 6.5098, -255.751),
"rotasi": Basis(0.979435, 0, -0.20176, 0, 1, 0, 0.20176, 0, 0.979435),
"tipe": "batu"
}, {
"posisi": Vector3(-215.828, 6.82353, -253.255),
"tipe": "pencemaran"
}, {
"model": 0,
"posisi": Vector3(-193.372, 6.5098, -253.255),
"rotasi": Basis(0.97769, 0, 0.210051, 0, 1, 0, -0.210051, 0, 0.97769),
"tipe": "pohon"
}, {
"posisi": Vector3(-185.887, 6.5098, -253.255),
"tipe": "bunga_nektar"
}, {
"model": 1,
"posisi": Vector3(-235.789, 6.58824, -250.76),
"rotasi": Basis(0.0833188, 0, -0.996523, 0, 1, 0, 0.996523, 0, 0.0833188),
"tipe": "batu"
}, {
"model": 3,
"posisi": Vector3(-248.265, 6.11765, -248.265),
"rotasi": Basis(0.167928, 0, 0.985799, 0, 1, 0, -0.985799, 0, 0.167928),
"tipe": "batu"
}, {
"model": 3,
"posisi": Vector3(-203.353, 6.58824, -248.265),
"rotasi": Basis(-0.930043, 0, 0.367451, 0, 1, 0, -0.367451, 0, -0.930043),
"tipe": "semak"
}, {
"model": 4,
"posisi": Vector3(283.197, 6.58824, -248.265),
"rotasi": Basis(0.991713, 0, -0.128473, 0, 1, 0, 0.128473, 0, 0.991713),
"tipe": "batu"
}, {
"model": 3,
"posisi": Vector3(288.187, 6.19608, -248.265),
"rotasi": Basis(0.913449, 0, 0.406953, 0, 1, 0, -0.406953, 0, 0.913449),
"tipe": "pohon"
}, {
"posisi": Vector3(-230.799, 6.11765, -245.77),
"tipe": "pencemaran"
}, {
"model": 1,
"posisi": Vector3(273.216, 7.05882, -245.77),
"rotasi": Basis(0.21649, 0, 0.976285, 0, 1, 0, -0.976285, 0, 0.21649),
"tipe": "batu"
}, {
"model": 3,
"posisi": Vector3(253.255, 6.03922, -243.275),
"rotasi": Basis(0.990396, 0, 0.138261, 0, 1, 0, -0.138261, 0, 0.990396),
"tipe": "semak"
}, {
"posisi": Vector3(260.741, 6.27451, -243.275),
"tipe": "bunga_nektar"
}, {
"model": 0,
"posisi": Vector3(-203.353, 6.5098, -240.78),
"rotasi": Basis(-0.655372, 0, 0.755306, 0, 1, 0, -0.755306, 0, -0.655372),
"tipe": "semak"
}, {
"posisi": Vector3(-178.402, 6.03922, -238.285),
"tipe": "pencemaran"
}, {
"posisi": Vector3(-223.314, 6.27451, -235.789),
"tipe": "pencemaran"
}, {
"model": 3,
"posisi": Vector3(268.226, 6.90196, -235.789),
"rotasi": Basis(-0.563343, 0, 0.826223, 0, 1, 0, -0.826223, 0, -0.563343),
"tipe": "batu"
}, {
"posisi": Vector3(270.721, 7.05882, -235.789),
"tipe": "bunga_nektar"
}, {
"posisi": Vector3(278.207, 7.13726, -235.789),
"tipe": "pencemaran"
}, {
"model": 2,
"posisi": Vector3(-205.848, 6.03922, -233.294),
"rotasi": Basis(-0.762922, 0, 0.646491, 0, 1, 0, -0.646491, 0, -0.762922),
"tipe": "semak"
}, {
"posisi": Vector3(295.673, 6.03922, -233.294),
"tipe": "bunga_nektar"
}, {
"model": 2,
"posisi": Vector3(273.216, 7.13726, -230.799),
"rotasi": Basis(0.102205, 0, -0.994763, 0, 1, 0, 0.994763, 0, 0.102205),
"tipe": "semak"
}, {
"model": 2,
"posisi": Vector3(283.197, 6.98039, -230.799),
"rotasi": Basis(-0.624199, 0, 0.781266, 0, 1, 0, -0.781266, 0, -0.624199),
"tipe": "pohon"
}, {
"model": 3,
"posisi": Vector3(-218.324, 6.11765, -228.304),
"rotasi": Basis(-0.225012, 0, 0.974356, 0, 1, 0, -0.974356, 0, -0.225012),
"tipe": "semak"
}, {
"model": 2,
"posisi": Vector3(-223.314, 6.03922, -225.809),
"rotasi": Basis(-0.852663, 0, -0.522461, 0, 1, 0, 0.522461, 0, -0.852663),
"tipe": "semak"
}, {
"model": 1,
"posisi": Vector3(253.255, 6.11765, -225.809),
"rotasi": Basis(-0.754919, 0, 0.655818, 0, 1, 0, -0.655818, 0, -0.754919),
"tipe": "semak"
}, {
"posisi": Vector3(-218.324, 6.11765, -223.314),
"tipe": "bunga_nektar"
}, {
"model": 2,
"posisi": Vector3(-218.324, 6.03922, -220.819),
"rotasi": Basis(0.965476, 0, -0.260494, 0, 1, 0, 0.260494, 0, 0.965476),
"tipe": "batu"
}, {
"model": 2,
"posisi": Vector3(-178.402, 6.19608, -220.819),
"rotasi": Basis(0.789422, 0, -0.613851, 0, 1, 0, 0.613851, 0, 0.789422),
"tipe": "semak"
}, {
"posisi": Vector3(243.275, 6.19608, -220.819),
"tipe": "bunga_nektar"
}, {
"posisi": Vector3(248.265, 6.27451, -220.819),
"tipe": "pencemaran"
}, {
"model": 3,
"posisi": Vector3(278.207, 7.37255, -220.819),
"rotasi": Basis(0.336682, 0, -0.941618, 0, 1, 0, 0.941618, 0, 0.336682),
"tipe": "batu"
}, {
"model": 1,
"posisi": Vector3(260.741, 6.82353, -215.828),
"rotasi": Basis(-0.445188, 0, 0.895437, 0, 1, 0, -0.895437, 0, -0.445188),
"tipe": "batu"
}, {
"model": 2,
"posisi": Vector3(195.867, 6.03922, -213.333),
"rotasi": Basis(-0.373637, 0, 0.927575, 0, 1, 0, -0.927575, 0, -0.373637),
"tipe": "batu"
}, {
"model": 4,
"posisi": Vector3(245.77, 6.58824, -213.333),
"rotasi": Basis(-0.380761, 0, -0.924673, 0, 1, 0, 0.924673, 0, -0.380761),
"tipe": "pohon"
}, {
"posisi": Vector3(273.216, 7.29412, -213.333),
"tipe": "pencemaran"
}, {
"posisi": Vector3(46.1598, 6.27451, -210.838),
"tipe": "bunga_nektar"
}, {
"model": 0,
"posisi": Vector3(200.858, 6.27451, -210.838),
"rotasi": Basis(-0.639272, 0, -0.768981, 0, 1, 0, 0.768981, 0, -0.639272),
"tipe": "batu"
}, {
"posisi": Vector3(230.799, 6.11765, -210.838),
"tipe": "pencemaran"
}, {
"model": 4,
"posisi": Vector3(255.751, 6.98039, -210.838),
"rotasi": Basis(0.539531, 0, -0.841965, 0, 1, 0, 0.841965, 0, 0.539531),
"tipe": "semak"
}, {
"posisi": Vector3(293.177, 6.98039, -210.838),
"tipe": "pencemaran"
}, {
"posisi": Vector3(-173.411, 6.03922, -208.343),
"tipe": "pencemaran"
}, {
"posisi": Vector3(290.682, 7.45098, -208.343),
"tipe": "bunga_nektar"
}, {
"posisi": Vector3(293.177, 7.13726, -208.343),
"tipe": "pencemaran"
}, {
"model": 1,
"posisi": Vector3(-215.828, 6.19608, -205.848),
"rotasi": Basis(-0.932227, 0, 0.361874, 0, 1, 0, -0.361874, 0, -0.932227),
"tipe": "batu"
}, {
"model": 2,
"posisi": Vector3(-208.343, 6.03922, -205.848),
"rotasi": Basis(0.366631, 0, 0.930367, 0, 1, 0, -0.930367, 0, 0.366631),
"tipe": "semak"
}, {
"model": 1,
"posisi": Vector3(101.053, 6.03922, -205.848),
"rotasi": Basis(0.773167, 0, 0.634203, 0, 1, 0, -0.634203, 0, 0.773167),
"tipe": "pohon"
}, {
"model": 0,
"posisi": Vector3(203.353, 6.43137, -205.848),
"rotasi": Basis(-0.590457, 0, -0.807069, 0, 1, 0, 0.807069, 0, -0.590457),
"tipe": "batu"
}, {
"posisi": Vector3(230.799, 6.43137, -205.848),
"tipe": "bunga_nektar"
}, {
"model": 2,
"posisi": Vector3(255.751, 7.45098, -205.848),
"rotasi": Basis(-0.842507, 0, 0.538686, 0, 1, 0, -0.538686, 0, -0.842507),
"tipe": "pohon"
}, {
"model": 3,
"posisi": Vector3(278.207, 7.92157, -205.848),
"rotasi": Basis(-0.194495, 0, 0.980904, 0, 1, 0, -0.980904, 0, -0.194495),
"tipe": "batu"
}, {
"model": 2,
"posisi": Vector3(283.197, 7.92157, -205.848),
"rotasi": Basis(0.583028, 0, 0.812452, 0, 1, 0, -0.812452, 0, 0.583028),
"tipe": "batu"
}, {
"model": 3,
"posisi": Vector3(11.2281, 7.37255, -203.353),
"rotasi": Basis(0.349443, 0, -0.936957, 0, 1, 0, 0.936957, 0, 0.349443),
"tipe": "pohon"
}, {
"posisi": Vector3(13.7232, 7.52941, -203.353),
"tipe": "bunga_nektar"
}, {
"model": 2,
"posisi": Vector3(16.2183, 7.68627, -203.353),
"rotasi": Basis(-0.195723, 0, 0.980659, 0, 1, 0, -0.980659, 0, -0.195723),
"tipe": "semak"
}, {
"model": 3,
"posisi": Vector3(220.819, 6.27451, -203.353),
"rotasi": Basis(-0.586777, 0, 0.809749, 0, 1, 0, -0.809749, 0, -0.586777),
"tipe": "batu"
}, {
"posisi": Vector3(238.285, 7.13726, -203.353),
"tipe": "pencemaran"
}, {
"model": 3,
"posisi": Vector3(275.712, 8, -203.353),
"rotasi": Basis(-0.0565575, 0, -0.998399, 0, 1, 0, 0.998399, 0, -0.0565575),
"tipe": "pohon"
}, {
"model": 4,
"posisi": Vector3(285.692, 8.07843, -203.353),
"rotasi": Basis(0.999249, 0, -0.0387546, 0, 1, 0, 0.0387546, 0, 0.999249),
"tipe": "pohon"
}, {
"posisi": Vector3(-11.2281, 6.19608, -200.858),
"tipe": "pencemaran"
}, {
"model": 4,
"posisi": Vector3(33.6842, 7.45098, -200.858),
"rotasi": Basis(0.792115, 0, -0.610372, 0, 1, 0, 0.610372, 0, 0.792115),
"tipe": "pohon"
}, {
"posisi": Vector3(96.0624, 6.90196, -200.858),
"tipe": "bunga_nektar"
}, {
"posisi": Vector3(68.616, 6.66667, -198.363),
"tipe": "pencemaran"
}, {
"model": 4,
"posisi": Vector3(91.0722, 7.05882, -198.363),
"rotasi": Basis(-0.816644, 0, 0.577141, 0, 1, 0, -0.577141, 0, -0.816644),
"tipe": "pohon"
}, {
"posisi": Vector3(106.043, 6.19608, -198.363),
"tipe": "pencemaran"
}, {
"posisi": Vector3(223.314, 6.82353, -198.363),
"tipe": "bunga_nektar"
}, {
"model": 0,
"posisi": Vector3(288.187, 8.15686, -198.363),
"rotasi": Basis(-0.565445, 0, 0.824786, 0, 1, 0, -0.824786, 0, -0.565445),
"tipe": "semak"
}, {
"model": 3,
"posisi": Vector3(-250.76, 6.19608, -195.867),
"rotasi": Basis(-0.312964, 0, -0.949765, 0, 1, 0, 0.949765, 0, -0.312964),
"tipe": "pohon"
}, {
"model": 0,
"posisi": Vector3(-238.285, 6.43137, -195.867),
"rotasi": Basis(-0.970004, 0, -0.243088, 0, 1, 0, 0.243088, 0, -0.970004),
"tipe": "batu"
}, {
"model": 1,
"posisi": Vector3(-195.867, 6.11765, -195.867),
"rotasi": Basis(0.930751, 0, -0.365653, 0, 1, 0, 0.365653, 0, 0.930751),
"tipe": "pohon"
}, {
"model": 2,
"posisi": Vector3(-175.906, 6.27451, -195.867),
"rotasi": Basis(0.973129, 0, 0.230262, 0, 1, 0, -0.230262, 0, 0.973129),
"tipe": "batu"
}, {
"model": 0,
"posisi": Vector3(-3.74268, 7.13726, -195.867),
"rotasi": Basis(-0.981578, 0, -0.191063, 0, 1, 0, 0.191063, 0, -0.981578),
"tipe": "semak"
}, {
"model": 0,
"posisi": Vector3(33.6842, 7.84314, -195.867),
"rotasi": Basis(-0.421919, 0, -0.906634, 0, 1, 0, 0.906634, 0, -0.421919),
"tipe": "semak"
}, {
"model": 1,
"posisi": Vector3(56.1404, 7.21569, -195.867),
"rotasi": Basis(-0.660352, 0, -0.750957, 0, 1, 0, 0.750957, 0, -0.660352),
"tipe": "semak"
}, {
"model": 0,
"posisi": Vector3(218.324, 6.98039, -195.867),
"rotasi": Basis(0.929469, 0, -0.3689, 0, 1, 0, 0.3689, 0, 0.929469),
"tipe": "batu"
}, {
"model": 2,
"posisi": Vector3(225.809, 7.21569, -195.867),
"rotasi": Basis(-0.605204, 0, -0.79607, 0, 1, 0, 0.79607, 0, -0.605204),
"tipe": "semak"
}, {
"posisi": Vector3(255.751, 8.31373, -195.867),
"tipe": "pencemaran"
}, {
"model": 4,
"posisi": Vector3(-215.828, 6.7451, -193.372),
"rotasi": Basis(0.999938, 0, 0.011154, 0, 1, 0, -0.011154, 0, 0.999938),
"tipe": "batu"
}, {
"model": 0,
"posisi": Vector3(-188.382, 6.27451, -193.372),
"rotasi": Basis(0.920979, 0, 0.389613, 0, 1, 0, -0.389613, 0, 0.920979),
"tipe": "pohon"
}, {
"model": 4,
"posisi": Vector3(-173.411, 6.11765, -193.372),
"rotasi": Basis(0.106335, 0, 0.99433, 0, 1, 0, -0.99433, 0, 0.106335),
"tipe": "pohon"
}, {
"posisi": Vector3(1.24756, 7.45098, -193.372),
"tipe": "pencemaran"
}, {
"model": 4,
"posisi": Vector3(93.5673, 7.52941, -193.372),
"rotasi": Basis(0.0108176, 0, 0.999941, 0, 1, 0, -0.999941, 0, 0.0108176),
"tipe": "batu"
}, {
"model": 0,
"posisi": Vector3(248.265, 8.15686, -193.372),
"rotasi": Basis(-0.923316, 0, 0.384041, 0, 1, 0, -0.384041, 0, -0.923316),
"tipe": "pohon"
}, {
"posisi": Vector3(250.76, 8.23529, -193.372),
"tipe": "pencemaran"
}, {
"posisi": Vector3(-260.741, 6.03922, -190.877),
"tipe": "pencemaran"
}, {
"model": 0,
"posisi": Vector3(-208.343, 6.5098, -190.877),
"rotasi": Basis(0.545188, 0, -0.838314, 0, 1, 0, 0.838314, 0, 0.545188),
"tipe": "pohon"
}, {
"model": 3,
"posisi": Vector3(8.73291, 7.76471, -190.877),
"rotasi": Basis(0.758797, 0, -0.651327, 0, 1, 0, 0.651327, 0, 0.758797),
"tipe": "semak"
}, {
"posisi": Vector3(46.1598, 7.76471, -190.877),
"tipe": "bunga_nektar"
}, {
"posisi": Vector3(53.6452, 7.52941, -190.877),
"tipe": "bunga_nektar"
}, {
"model": 0,
"posisi": Vector3(205.848, 7.84314, -190.877),
"rotasi": Basis(0.793935, 0, 0.608003, 0, 1, 0, -0.608003, 0, 0.793935),
"tipe": "semak"
}, {
"model": 1,
"posisi": Vector3(238.285, 8, -190.877),
"rotasi": Basis(-0.765955, 0, 0.642894, 0, 1, 0, -0.642894, 0, -0.765955),
"tipe": "semak"
}, {
"model": 0,
"posisi": Vector3(295.673, 7.37255, -190.877),
"rotasi": Basis(0.535737, 0, 0.844385, 0, 1, 0, -0.844385, 0, 0.535737),
"tipe": "pohon"
}, {
"posisi": Vector3(300.663, 6.58824, -190.877),
"tipe": "pencemaran"
}, {
"posisi": Vector3(16.2183, 8.31373, -188.382),
"tipe": "pencemaran"
}, {
"posisi": Vector3(48.6549, 7.84314, -188.382),
"tipe": "bunga_nektar"
}, {
"model": 4,
"posisi": Vector3(116.023, 6.11765, -188.382),
"rotasi": Basis(-0.96137, 0, 0.275259, 0, 1, 0, -0.275259, 0, -0.96137),
"tipe": "semak"
}, {
"model": 3,
"posisi": Vector3(288.187, 8.54902, -188.382),
"rotasi": Basis(0.710118, 0, 0.704083, 0, 1, 0, -0.704083, 0, 0.710118),
"tipe": "semak"
}, {
"model": 1,
"posisi": Vector3(303.158, 6.43137, -188.382),
"rotasi": Basis(0.906124, 0, -0.423012, 0, 1, 0, 0.423012, 0, 0.906124),
"tipe": "semak"
}, {
"model": 2,
"posisi": Vector3(-245.77, 7.29412, -185.887),
"rotasi": Basis(-0.509206, 0, -0.860645, 0, 1, 0, 0.860645, 0, -0.509206),
"tipe": "pohon"
}, {
"model": 0,
"posisi": Vector3(-193.372, 6.11765, -185.887),
"rotasi": Basis(0.97053, 0, -0.240982, 0, 1, 0, 0.240982, 0, 0.97053),
"tipe": "semak"
}, {
"posisi": Vector3(-188.382, 6.19608, -185.887),
"tipe": "bunga_nektar"
}, {
"model": 3,
"posisi": Vector3(-175.906, 6.43137, -185.887),
"rotasi": Basis(-0.0486634, 0, -0.998815, 0, 1, 0, 0.998815, 0, -0.0486634),
"tipe": "pohon"
}, {
"posisi": Vector3(-173.411, 6.35294, -185.887),
"tipe": "bunga_nektar"
}, {
"model": 1,
"posisi": Vector3(-1.24756, 7.68627, -185.887),
"rotasi": Basis(0.102288, 0, 0.994755, 0, 1, 0, -0.994755, 0, 0.102288),
"tipe": "semak"
}, {
"model": 2,
"posisi": Vector3(41.1696, 8.39216, -185.887),
