[gd_scene load_steps=14 format=3 uid="uid://dfoyqfg2gqaff"]

[ext_resource type="Script" path="res://skrip/entitas/permukaan.gd" id="3_kx3r3"]
[ext_resource type="Shader" uid="uid://bbo1abph4arco" path="res://material/air.tres" id="4_8uwqe"]
[ext_resource type="Image" uid="uid://bllj5hw6hqn7k" path="res://map/pulau/pulau.png" id="4_kp02e"]
[ext_resource type="Texture2D" uid="uid://8445g8tcy0q3" path="res://material/dev/Dark/texture_01.png" id="4_v0af0"]
[ext_resource type="PackedScene" uid="uid://dvtfq67kfjnh7" path="res://skena/entitas/bola_batu.scn" id="7_mxxfs"]

[sub_resource type="StandardMaterial3D" id="StandardMaterial3D_fu78a"]
albedo_texture = ExtResource("4_v0af0")
uv1_scale = Vector3(25, 25, 25)
point_size = 128.0

[sub_resource type="QuadMesh" id="QuadMesh_56wji"]
material = SubResource("StandardMaterial3D_fu78a")
size = Vector2(50, 50)
orientation = 1

[sub_resource type="BoxShape3D" id="BoxShape3D_oj1l1"]
size = Vector3(50, 1, 50)

[sub_resource type="PlaneMesh" id="PlaneMesh_nopol"]
size = Vector2(1500, 1500)

[sub_resource type="ShaderMaterial" id="ShaderMaterial_8bme2"]
render_priority = 0
shader = ExtResource("4_8uwqe")
shader_parameter/ColorParameter = Color(0, 0.184314, 0.380392, 1)

[sub_resource type="BoxMesh" id="BoxMesh_njgt3"]

[sub_resource type="StandardMaterial3D" id="StandardMaterial3D_583rv"]

[sub_resource type="ConvexPolygonShape3D" id="ConvexPolygonShape3D_ilglt"]
points = PackedVector3Array(-0.5, -0.5, -0.5, 0.5, 0.5, 0.5, 0.5, -0.5, 0.5, 0.5, 0.5, -0.5, -0.5, 0.5, 0.5, 0.5, -0.5, -0.5, -0.5, -0.5, 0.5, -0.5, 0.5, -0.5)

[node name="lingkungan" type="Node3D"]
transform = Transform3D(1, 0, 0, 0, 1, 0, 0, 0, 1, 0, 5, 0)

[node name="posisi_spawn" type="Marker3D" parent="."]
transform = Transform3D(0.707107, 0, 0.707107, 0, 1, 0, -0.707107, 0, 0.707107, -164.522, -1.028, 16.845)

[node name="lantai" type="StaticBody3D" parent="." groups=["dapat_diedit"]]

[node name="m_lantai" type="MeshInstance3D" parent="lantai"]
transform = Transform3D(1, 0, 0, 0, 1, 0, 0, 0, 1, 0, -0.5, 0)
mesh = SubResource("QuadMesh_56wji")
skeleton = NodePath("../..")

[node name="f_lantai" type="CollisionShape3D" parent="lantai"]
transform = Transform3D(1, 0, 0, 0, 1, 0, 0, 0, 1, 0, -1, 0)
shape = SubResource("BoxShape3D_oj1l1")

[node name="permukaan" type="Node3D" parent="."]
transform = Transform3D(1, 0, 0, 0, 1, 0, 0, 0, 1, 0, -4.95, 0)
script = ExtResource("3_kx3r3")
gunakan_frustum_culling = true
hasilkan_vegetasi = true
hasilkan_fisik = true
hasilkan_potongan = true
hasilkan_lod = true
tinggi_maks = 60
tekstur = ExtResource("4_kp02e")
potongan = [{
"indeks": "1_1",
"instance": {},
"lebar_x": 128,
"lebar_y": 128,
"pusat_x": -480.0,
"pusat_y": -480.0,
"start_x": 0,
"start_y": 1,
"vegetasi": {}
}, {
"indeks": "1_2",
"instance": {},
"lebar_x": 128,
"lebar_y": 128,
"pusat_x": -160.0,
"pusat_y": -480.0,
"start_x": 128,
"start_y": 1,
"vegetasi": {}
}, {
"indeks": "1_3",
"instance": {},
"lebar_x": 128,
"lebar_y": 128,
"pusat_x": 160.0,
"pusat_y": -480.0,
"start_x": 256,
"start_y": 1,
"vegetasi": {}
}, {
"indeks": "1_4",
"instance": {},
"lebar_x": 128,
"lebar_y": 128,
"pusat_x": 480.0,
"pusat_y": -480.0,
"start_x": 384,
"start_y": 1,
"vegetasi": {}
}, {
"indeks": "2_1",
"instance": {},
"lebar_x": 128,
"lebar_y": 128,
"pusat_x": -480.0,
"pusat_y": -160.0,
"start_x": 0,
"start_y": 128,
"vegetasi": {}
}, {
"indeks": "2_2",
"instance": {},
"lebar_x": 128,
"lebar_y": 128,
"pusat_x": -160.0,
"pusat_y": -160.0,
"start_x": 128,
"start_y": 128,
"vegetasi": {}
}, {
"indeks": "2_3",
"instance": {},
"lebar_x": 128,
"lebar_y": 128,
"pusat_x": 160.0,
"pusat_y": -160.0,
"start_x": 256,
"start_y": 128,
"vegetasi": {}
}, {
"indeks": "2_4",
"instance": {},
"lebar_x": 128,
"lebar_y": 128,
"pusat_x": 480.0,
"pusat_y": -160.0,
"start_x": 384,
"start_y": 128,
"vegetasi": {}
}, {
"indeks": "3_1",
"instance": {},
"lebar_x": 128,
"lebar_y": 128,
"pusat_x": -480.0,
"pusat_y": 160.0,
"start_x": 0,
"start_y": 256,
"vegetasi": {}
}, {
"indeks": "3_2",
"instance": {},
"lebar_x": 128,
"lebar_y": 128,
"pusat_x": -160.0,
"pusat_y": 160.0,
"start_x": 128,
"start_y": 256,
"vegetasi": {}
}, {
"indeks": "3_3",
"instance": {},
"lebar_x": 128,
"lebar_y": 128,
"pusat_x": 160.0,
"pusat_y": 160.0,
"start_x": 256,
"start_y": 256,
"vegetasi": {}
}, {
"indeks": "3_4",
"instance": {},
"lebar_x": 128,
"lebar_y": 128,
"pusat_x": 480.0,
"pusat_y": 160.0,
"start_x": 384,
"start_y": 256,
"vegetasi": {}
}, {
"indeks": "4_1",
"instance": {},
"lebar_x": 128,
"lebar_y": 128,
"pusat_x": -480.0,
"pusat_y": 480.0,
"start_x": 0,
"start_y": 384,
"vegetasi": {}
}, {
"indeks": "4_2",
"instance": {},
"lebar_x": 128,
"lebar_y": 128,
"pusat_x": -160.0,
"pusat_y": 480.0,
"start_x": 128,
"start_y": 384,
"vegetasi": {}
}, {
"indeks": "4_3",
"instance": {},
"lebar_x": 128,
"lebar_y": 128,
"pusat_x": 160.0,
"pusat_y": 480.0,
"start_x": 256,
"start_y": 384,
"vegetasi": {}
}, {
"indeks": "4_4",
"instance": {},
"lebar_x": 128,
"lebar_y": 128,
"pusat_x": 480.0,
"pusat_y": 480.0,
"start_x": 384,
"start_y": 384,
"vegetasi": {}
}]
vegetasi = [{
"model": 0,
"posisi": Vector3(203.353, 6.03922, -407.953),
"rotasi": Basis(-0.998894, 0, -0.0470268, 0, 1, 0, 0.0470268, 0, -0.998894),
"tipe": "semak"
}, {
"model": 3,
"posisi": Vector3(198.363, 6.19608, -405.458),
"rotasi": Basis(-0.928718, 0, 0.370787, 0, 1, 0, -0.370787, 0, -0.928718),
"tipe": "batu"
}, {
"model": 3,
"posisi": Vector3(200.858, 6.27451, -400.468),
"rotasi": Basis(0.609542, 0, -0.792754, 0, 1, 0, 0.792754, 0, 0.609542),
"tipe": "semak"
}, {
"model": 0,
"posisi": Vector3(200.858, 6.43137, -395.478),
"rotasi": Basis(0.902939, 0, 0.429768, 0, 1, 0, -0.429768, 0, 0.902939),
"tipe": "pohon"
}, {
"model": 1,
"posisi": Vector3(188.382, 6.66667, -390.487),
"rotasi": Basis(-0.579909, 0, -0.814681, 0, 1, 0, 0.814681, 0, -0.579909),
"tipe": "batu"
}, {
"model": 1,
"posisi": Vector3(183.392, 6.58824, -385.497),
"rotasi": Basis(-0.336876, 0, -0.941549, 0, 1, 0, 0.941549, 0, -0.336876),
"tipe": "pohon"
}, {
"model": 0,
"posisi": Vector3(188.382, 6.66667, -385.497),
"rotasi": Basis(0.538447, 0, 0.84266, 0, 1, 0, -0.84266, 0, 0.538447),
"tipe": "batu"
}, {
"model": 4,
"posisi": Vector3(203.353, 6.5098, -385.497),
"rotasi": Basis(-0.555704, 0, -0.83138, 0, 1, 0, 0.83138, 0, -0.555704),
"tipe": "batu"
}, {
"model": 4,
"posisi": Vector3(-258.246, 6.11765, -383.002),
"rotasi": Basis(0.0584387, 0, 0.998291, 0, 1, 0, -0.998291, 0, 0.0584387),
"tipe": "batu"
}, {
"model": 1,
"posisi": Vector3(173.411, 6.19608, -383.002),
"rotasi": Basis(0.988849, 0, -0.148919, 0, 1, 0, 0.148919, 0, 0.988849),
"tipe": "pohon"
}, {
"model": 0,
"posisi": Vector3(188.382, 6.66667, -380.507),
"rotasi": Basis(-0.540427, 0, 0.841391, 0, 1, 0, -0.841391, 0, -0.540427),
"tipe": "semak"
}, {
"model": 2,
"posisi": Vector3(-263.236, 6.66667, -378.012),
"rotasi": Basis(-0.435769, 0, -0.900059, 0, 1, 0, 0.900059, 0, -0.435769),
"tipe": "pohon"
}, {
"model": 0,
"posisi": Vector3(208.343, 6.11765, -378.012),
"rotasi": Basis(-0.18518, 0, -0.982705, 0, 1, 0, 0.982705, 0, -0.18518),
"tipe": "pohon"
}, {
"model": 4,
"posisi": Vector3(-238.285, 7.45098, -375.517),
"rotasi": Basis(-0.999841, 0, 0.0178203, 0, 1, 0, -0.0178203, 0, -0.999841),
"tipe": "pohon"
}, {
"model": 1,
"posisi": Vector3(-220.819, 7.13726, -375.517),
"rotasi": Basis(-0.999999, 0, -0.0011526, 0, 1, 0, 0.0011526, 0, -0.999999),
"tipe": "pohon"
}, {
"model": 2,
"posisi": Vector3(-213.333, 6.90196, -375.517),
"rotasi": Basis(-0.979341, 0, -0.202216, 0, 1, 0, 0.202216, 0, -0.979341),
"tipe": "semak"
}, {
"model": 3,
"posisi": Vector3(198.363, 6.35294, -375.517),
"rotasi": Basis(0.357191, 0, -0.934031, 0, 1, 0, 0.934031, 0, 0.357191),
"tipe": "pohon"
}, {
"model": 2,
"posisi": Vector3(-193.372, 6.11765, -373.021),
"rotasi": Basis(-0.71943, 0, 0.694565, 0, 1, 0, -0.694565, 0, -0.71943),
"tipe": "semak"
}, {
"model": 1,
"posisi": Vector3(180.897, 6.58824, -373.021),
"rotasi": Basis(-0.636857, 0, -0.770982, 0, 1, 0, 0.770982, 0, -0.636857),
"tipe": "pohon"
}, {
"model": 2,
"posisi": Vector3(208.343, 6.03922, -373.021),
"rotasi": Basis(0.853281, 0, 0.521451, 0, 1, 0, -0.521451, 0, 0.853281),
"tipe": "pohon"
}, {
"model": 1,
"posisi": Vector3(-188.382, 6.11765, -370.526),
"rotasi": Basis(0.955103, 0, -0.296275, 0, 1, 0, 0.296275, 0, 0.955103),
"tipe": "semak"
}, {
"model": 3,
"posisi": Vector3(-260.741, 7.84314, -368.031),
"rotasi": Basis(-0.574017, 0, -0.818843, 0, 1, 0, 0.818843, 0, -0.574017),
"tipe": "pohon"
}, {
"model": 4,
"posisi": Vector3(-250.76, 8.07843, -368.031),
"rotasi": Basis(0.262633, 0, 0.964896, 0, 1, 0, -0.964896, 0, 0.262633),
"tipe": "pohon"
}, {
"model": 1,
"posisi": Vector3(-233.294, 7.84314, -368.031),
"rotasi": Basis(0.589518, 0, 0.807755, 0, 1, 0, -0.807755, 0, 0.589518),
"tipe": "semak"
}, {
"model": 2,
"posisi": Vector3(178.402, 6.35294, -368.031),
"rotasi": Basis(-0.884924, 0, 0.465736, 0, 1, 0, -0.465736, 0, -0.884924),
"tipe": "semak"
}, {
"model": 0,
"posisi": Vector3(180.897, 6.5098, -368.031),
"rotasi": Basis(0.01127, 0, 0.999937, 0, 1, 0, -0.999937, 0, 0.01127),
"tipe": "pohon"
}, {
"model": 3,
"posisi": Vector3(-268.226, 7.84314, -365.536),
"rotasi": Basis(-0.823737, 0, 0.566971, 0, 1, 0, -0.566971, 0, -0.823737),
"tipe": "batu"
}, {
"model": 4,
"posisi": Vector3(-218.324, 7.76471, -365.536),
"rotasi": Basis(0.489447, 0, 0.872033, 0, 1, 0, -0.872033, 0, 0.489447),
"tipe": "semak"
}, {
"model": 0,
"posisi": Vector3(-195.867, 6.82353, -365.536),
"rotasi": Basis(0.279442, 0, 0.960163, 0, 1, 0, -0.960163, 0, 0.279442),
"tipe": "semak"
}, {
"model": 4,
"posisi": Vector3(208.343, 6.19608, -365.536),
"rotasi": Basis(-0.999388, 0, 0.0349848, 0, 1, 0, -0.0349848, 0, -0.999388),
"tipe": "semak"
}, {
"model": 4,
"posisi": Vector3(-240.78, 8.39216, -363.041),
"rotasi": Basis(0.983801, 0, -0.179261, 0, 1, 0, 0.179261, 0, 0.983801),
"tipe": "semak"
}, {
"model": 0,
"posisi": Vector3(178.402, 6.27451, -363.041),
"rotasi": Basis(-0.789725, 0, 0.613462, 0, 1, 0, -0.613462, 0, -0.789725),
"tipe": "semak"
}, {
"model": 0,
"posisi": Vector3(-295.673, 6.7451, -358.051),
"rotasi": Basis(-0.612875, 0, -0.79018, 0, 1, 0, 0.79018, 0, -0.612875),
"tipe": "semak"
}, {
"model": 1,
"posisi": Vector3(-218.324, 8, -358.051),
"rotasi": Basis(0.424368, 0, -0.90549, 0, 1, 0, 0.90549, 0, 0.424368),
"tipe": "pohon"
}, {
"model": 4,
"posisi": Vector3(-205.848, 7.60784, -358.051),
"rotasi": Basis(-0.523364, 0, 0.852109, 0, 1, 0, -0.852109, 0, -0.523364),
"tipe": "batu"
}, {
"model": 3,
"posisi": Vector3(-195.867, 7.13726, -358.051),
"rotasi": Basis(-0.160252, 0, 0.987076, 0, 1, 0, -0.987076, 0, -0.160252),
"tipe": "pohon"
}, {
"model": 4,
"posisi": Vector3(-185.887, 6.43137, -358.051),
"rotasi": Basis(-0.143421, 0, -0.989662, 0, 1, 0, 0.989662, 0, -0.143421),
"tipe": "pohon"
}, {
"model": 3,
"posisi": Vector3(-210.838, 8.07843, -355.556),
"rotasi": Basis(0.174017, 0, -0.984743, 0, 1, 0, 0.984743, 0, 0.174017),
"tipe": "semak"
}, {
"model": 1,
"posisi": Vector3(-185.887, 6.5098, -355.556),
"rotasi": Basis(0.61223, 0, 0.79068, 0, 1, 0, -0.79068, 0, 0.61223),
"tipe": "semak"
}, {
"model": 1,
"posisi": Vector3(200.858, 6.27451, -355.556),
"rotasi": Basis(0.418823, 0, 0.908068, 0, 1, 0, -0.908068, 0, 0.418823),
"tipe": "semak"
}, {
"model": 1,
"posisi": Vector3(-290.682, 7.60784, -353.06),
"rotasi": Basis(0.319308, 0, -0.947651, 0, 1, 0, 0.947651, 0, 0.319308),
"tipe": "batu"
}, {
"model": 3,
"posisi": Vector3(-255.751, 9.09804, -353.06),
"rotasi": Basis(-0.532762, 0, -0.846265, 0, 1, 0, 0.846265, 0, -0.532762),
"tipe": "batu"
}, {
"model": 2,
"posisi": Vector3(-235.789, 8.39216, -353.06),
"rotasi": Basis(-0.629667, 0, -0.776865, 0, 1, 0, 0.776865, 0, -0.629667),
"tipe": "semak"
}, {
"model": 3,
"posisi": Vector3(-205.848, 7.92157, -353.06),
"rotasi": Basis(0.894116, 0, -0.447835, 0, 1, 0, 0.447835, 0, 0.894116),
"tipe": "semak"
}, {
"model": 0,
"posisi": Vector3(-198.363, 7.37255, -353.06),
"rotasi": Basis(-0.303984, 0, -0.952677, 0, 1, 0, 0.952677, 0, -0.303984),
"tipe": "semak"
}, {
"model": 2,
"posisi": Vector3(-195.867, 7.21569, -353.06),
"rotasi": Basis(-0.939962, 0, 0.34128, 0, 1, 0, -0.34128, 0, -0.939962),
"tipe": "pohon"
}, {
"model": 4,
"posisi": Vector3(-190.877, 6.82353, -353.06),
"rotasi": Basis(-0.245439, 0, 0.969412, 0, 1, 0, -0.969412, 0, -0.245439),
"tipe": "pohon"
}, {
"model": 0,
"posisi": Vector3(-300.663, 6.27451, -350.565),
"rotasi": Basis(0.964014, 0, -0.265853, 0, 1, 0, 0.265853, 0, 0.964014),
"tipe": "batu"
}, {
"model": 0,
"posisi": Vector3(-228.304, 8.31373, -350.565),
"rotasi": Basis(-0.834481, 0, -0.551036, 0, 1, 0, 0.551036, 0, -0.834481),
"tipe": "semak"
}, {
"model": 3,
"posisi": Vector3(-203.353, 7.76471, -350.565),
"rotasi": Basis(0.800853, 0, -0.598861, 0, 1, 0, 0.598861, 0, 0.800853),
"tipe": "batu"
}, {
"model": 3,
"posisi": Vector3(-220.819, 8.54902, -348.07),
"rotasi": Basis(0.639679, 0, -0.768642, 0, 1, 0, 0.768642, 0, 0.639679),
"tipe": "pohon"
}, {
"model": 3,
"posisi": Vector3(-215.828, 8.47059, -348.07),
"rotasi": Basis(0.395247, 0, -0.918575, 0, 1, 0, 0.918575, 0, 0.395247),
"tipe": "batu"
}, {
"model": 2,
"posisi": Vector3(-300.663, 6.35294, -345.575),
"rotasi": Basis(-0.298239, 0, 0.954491, 0, 1, 0, -0.954491, 0, -0.298239),
"tipe": "pohon"
}, {
"model": 2,
"posisi": Vector3(-295.673, 7.21569, -345.575),
"rotasi": Basis(0.881614, 0, -0.471972, 0, 1, 0, 0.471972, 0, 0.881614),
"tipe": "semak"
}, {
"model": 3,
"posisi": Vector3(-250.76, 9.17647, -345.575),
"rotasi": Basis(-0.0822092, 0, -0.996615, 0, 1, 0, 0.996615, 0, -0.0822092),
"tipe": "batu"
}, {
"model": 2,
"posisi": Vector3(-263.236, 9.56863, -343.08),
"rotasi": Basis(0.488871, 0, -0.872356, 0, 1, 0, 0.872356, 0, 0.488871),
"tipe": "pohon"
}, {
"model": 4,
"posisi": Vector3(-178.402, 6.11765, -340.585),
"rotasi": Basis(-0.0172389, 0, 0.999851, 0, 1, 0, -0.999851, 0, -0.0172389),
"tipe": "batu"
}, {
"model": 0,
"posisi": Vector3(205.848, 6.11765, -340.585),
"rotasi": Basis(0.770525, 0, -0.63741, 0, 1, 0, 0.63741, 0, 0.770525),
"tipe": "pohon"
}, {
"model": 1,
"posisi": Vector3(-228.304, 9.2549, -338.09),
"rotasi": Basis(0.254896, 0, -0.966968, 0, 1, 0, 0.966968, 0, 0.254896),
"tipe": "batu"
}, {
"model": 2,
"posisi": Vector3(-208.343, 8.47059, -338.09),
"rotasi": Basis(-0.584093, 0, 0.811687, 0, 1, 0, -0.811687, 0, -0.584093),
"tipe": "semak"
}, {
"model": 3,
"posisi": Vector3(-203.353, 7.92157, -338.09),
"rotasi": Basis(0.53898, 0, -0.842319, 0, 1, 0, 0.842319, 0, 0.53898),
"tipe": "pohon"
}, {
"model": 2,
"posisi": Vector3(-188.382, 6.82353, -338.09),
"rotasi": Basis(-0.099197, 0, -0.995068, 0, 1, 0, 0.995068, 0, -0.099197),
"tipe": "batu"
}, {
"model": 0,
"posisi": Vector3(203.353, 6.11765, -338.09),
"rotasi": Basis(-0.768448, 0, 0.639913, 0, 1, 0, -0.639913, 0, -0.768448),
"tipe": "batu"
}, {
"model": 1,
"posisi": Vector3(-278.207, 9.72549, -335.595),
"rotasi": Basis(0.998423, 0, 0.0561371, 0, 1, 0, -0.0561371, 0, 0.998423),
"tipe": "pohon"
}, {
"model": 1,
"posisi": Vector3(-208.343, 8.54902, -335.595),
"rotasi": Basis(-0.755662, 0, 0.654962, 0, 1, 0, -0.654962, 0, -0.755662),
"tipe": "semak"
}, {
"model": 0,
"posisi": Vector3(218.324, 6.03922, -335.595),
"rotasi": Basis(0.342828, 0, -0.939398, 0, 1, 0, 0.939398, 0, 0.342828),
"tipe": "semak"
}, {
"model": 0,
"posisi": Vector3(-290.682, 8.23529, -333.099),
"rotasi": Basis(-0.171603, 0, 0.985166, 0, 1, 0, -0.985166, 0, -0.171603),
"tipe": "pohon"
}, {
"model": 1,
"posisi": Vector3(-255.751, 9.4902, -333.099),
"rotasi": Basis(0.1792, 0, -0.983813, 0, 1, 0, 0.983813, 0, 0.1792),
"tipe": "semak"
}, {
"model": 3,
"posisi": Vector3(-223.314, 9.56863, -333.099),
"rotasi": Basis(-0.741451, 0, -0.671007, 0, 1, 0, 0.671007, 0, -0.741451),
"tipe": "pohon"
}, {
"model": 4,
"posisi": Vector3(-278.207, 9.88235, -330.604),
"rotasi": Basis(0.416919, 0, 0.908944, 0, 1, 0, -0.908944, 0, 0.416919),
"tipe": "semak"
}, {
"model": 3,
"posisi": Vector3(-193.372, 7.21569, -328.109),
"rotasi": Basis(-0.780803, 0, -0.624778, 0, 1, 0, 0.624778, 0, -0.780803),
"tipe": "semak"
}, {
"model": 0,
"posisi": Vector3(-215.828, 9.56863, -325.614),
"rotasi": Basis(0.726081, 0, -0.687609, 0, 1, 0, 0.687609, 0, 0.726081),
"tipe": "semak"
}, {
"model": 0,
"posisi": Vector3(-258.246, 9.41177, -323.119),
"rotasi": Basis(0.992973, 0, -0.11834, 0, 1, 0, 0.11834, 0, 0.992973),
"tipe": "batu"
}, {
"model": 3,
"posisi": Vector3(-255.751, 9.41177, -323.119),
"rotasi": Basis(-0.991724, 0, 0.128388, 0, 1, 0, -0.128388, 0, -0.991724),
"tipe": "batu"
}, {
"model": 4,
"posisi": Vector3(-220.819, 9.96078, -323.119),
"rotasi": Basis(-0.453201, 0, 0.891408, 0, 1, 0, -0.891408, 0, -0.453201),
"tipe": "batu"
}, {
"model": 2,
"posisi": Vector3(-210.838, 9.2549, -323.119),
"rotasi": Basis(0.384558, 0, 0.923101, 0, 1, 0, -0.923101, 0, 0.384558),
"tipe": "pohon"
}, {
"model": 2,
"posisi": Vector3(-298.168, 7.13726, -320.624),
"rotasi": Basis(-0.260346, 0, 0.965515, 0, 1, 0, -0.965515, 0, -0.260346),
"tipe": "pohon"
}, {
"model": 3,
"posisi": Vector3(-280.702, 9.56863, -320.624),
"rotasi": Basis(-0.67713, 0, -0.735864, 0, 1, 0, 0.735864, 0, -0.67713),
"tipe": "batu"
}, {
"model": 2,
"posisi": Vector3(-245.77, 9.41177, -320.624),
"rotasi": Basis(0.890722, 0, 0.454549, 0, 1, 0, -0.454549, 0, 0.890722),
"tipe": "pohon"
}, {
"model": 4,
"posisi": Vector3(-238.285, 9.72549, -320.624),
"rotasi": Basis(-0.994701, 0, -0.102813, 0, 1, 0, 0.102813, 0, -0.994701),
"tipe": "batu"
}, {
"model": 1,
"posisi": Vector3(-203.353, 8.54902, -320.624),
"rotasi": Basis(0.715307, 0, 0.69881, 0, 1, 0, -0.69881, 0, 0.715307),
"tipe": "pohon"
}, {
"model": 3,
"posisi": Vector3(-190.877, 7.21569, -320.624),
"rotasi": Basis(-0.710407, 0, 0.703791, 0, 1, 0, -0.703791, 0, -0.710407),
"tipe": "pohon"
}, {
"model": 4,
"posisi": Vector3(178.402, 6.03922, -320.624),
"rotasi": Basis(0.0877683, 0, 0.996141, 0, 1, 0, -0.996141, 0, 0.0877683),
"tipe": "pohon"
}, {
"model": 4,
"posisi": Vector3(-285.692, 8.94118, -318.129),
"rotasi": Basis(0.745725, 0, -0.666254, 0, 1, 0, 0.666254, 0, 0.745725),
"tipe": "pohon"
}, {
"model": 1,
"posisi": Vector3(-233.294, 9.80392, -318.129),
"rotasi": Basis(-0.98988, 0, 0.14191, 0, 1, 0, -0.14191, 0, -0.98988),
"tipe": "pohon"
}, {
"model": 4,
"posisi": Vector3(-213.333, 9.64706, -318.129),
"rotasi": Basis(-0.343378, 0, -0.939197, 0, 1, 0, 0.939197, 0, -0.343378),
"tipe": "batu"
}, {
"model": 3,
"posisi": Vector3(-275.712, 9.4902, -315.634),
"rotasi": Basis(-0.483362, 0, -0.87542, 0, 1, 0, 0.87542, 0, -0.483362),
"tipe": "batu"
}, {
"model": 3,
"posisi": Vector3(-243.275, 9.56863, -315.634),
"rotasi": Basis(-0.596066, 0, 0.802936, 0, 1, 0, -0.802936, 0, -0.596066),
"tipe": "pohon"
}, {
"model": 0,
"posisi": Vector3(-223.314, 10.1176, -315.634),
"rotasi": Basis(0.85829, 0, -0.513165, 0, 1, 0, 0.513165, 0, 0.85829),
"tipe": "batu"
}, {
"model": 1,
"posisi": Vector3(198.363, 6.03922, -315.634),
"rotasi": Basis(0.283577, 0, -0.958949, 0, 1, 0, 0.958949, 0, 0.283577),
"tipe": "batu"
}, {
"model": 3,
"posisi": Vector3(203.353, 6.19608, -315.634),
"rotasi": Basis(-0.992598, 0, 0.121446, 0, 1, 0, -0.121446, 0, -0.992598),
"tipe": "pohon"
}, {
"model": 2,
"posisi": Vector3(213.333, 6.03922, -315.634),
"rotasi": Basis(-0.730152, 0, 0.683285, 0, 1, 0, -0.683285, 0, -0.730152),
"tipe": "pohon"
}, {
"model": 1,
"posisi": Vector3(-190.877, 7.37255, -313.138),
"rotasi": Basis(0.940827, 0, -0.338887, 0, 1, 0, 0.338887, 0, 0.940827),
"tipe": "semak"
}, {
"model": 1,
"posisi": Vector3(183.392, 6.27451, -313.138),
"rotasi": Basis(-0.91328, 0, -0.407333, 0, 1, 0, 0.407333, 0, -0.91328),
"tipe": "semak"
}, {
"model": 2,
"posisi": Vector3(-175.906, 6.03922, -310.643),
"rotasi": Basis(0.774159, 0, 0.632991, 0, 1, 0, -0.632991, 0, 0.774159),
"tipe": "batu"
}, {
"model": 3,
"posisi": Vector3(-223.314, 9.96078, -308.148),
"rotasi": Basis(-0.0917756, 0, 0.99578, 0, 1, 0, -0.99578, 0, -0.0917756),
"tipe": "semak"
}, {
"model": 2,
"posisi": Vector3(-190.877, 7.45098, -308.148),
"rotasi": Basis(0.795505, 0, -0.605947, 0, 1, 0, 0.605947, 0, 0.795505),
"tipe": "batu"
}, {
"model": 3,
"posisi": Vector3(-178.402, 6.35294, -308.148),
"rotasi": Basis(-0.983886, 0, -0.178794, 0, 1, 0, 0.178794, 0, -0.983886),
"tipe": "pohon"
}, {
"model": 1,
"posisi": Vector3(-295.673, 6.90196, -305.653),
"rotasi": Basis(0.349194, 0, -0.93705, 0, 1, 0, 0.93705, 0, 0.349194),
"tipe": "batu"
}, {
"model": 2,
"posisi": Vector3(205.848, 6.03922, -305.653),
"rotasi": Basis(0.968433, 0, 0.249276, 0, 1, 0, -0.249276, 0, 0.968433),
"tipe": "batu"
}, {
"model": 4,
"posisi": Vector3(-295.673, 6.90196, -303.158),
"rotasi": Basis(-0.969829, 0, 0.243788, 0, 1, 0, -0.243788, 0, -0.969829),
"tipe": "semak"
}, {
"model": 3,
"posisi": Vector3(-270.721, 8.86275, -303.158),
"rotasi": Basis(0.999885, 0, 0.015171, 0, 1, 0, -0.015171, 0, 0.999885),
"tipe": "pohon"
}, {
"model": 4,
"posisi": Vector3(-208.343, 8.78431, -303.158),
"rotasi": Basis(0.248157, 0, -0.96872, 0, 1, 0, 0.96872, 0, 0.248157),
"tipe": "batu"
}, {
"model": 0,
"posisi": Vector3(-180.897, 6.35294, -303.158),
"rotasi": Basis(-0.886749, 0, 0.462252, 0, 1, 0, -0.462252, 0, -0.886749),
"tipe": "batu"
}, {
"model": 1,
"posisi": Vector3(-250.76, 9.17647, -300.663),
"rotasi": Basis(0.111613, 0, -0.993752, 0, 1, 0, 0.993752, 0, 0.111613),
"tipe": "batu"
}, {
"model": 2,
"posisi": Vector3(-240.78, 9.33333, -300.663),
"rotasi": Basis(-0.863773, 0, -0.503881, 0, 1, 0, 0.503881, 0, -0.863773),
"tipe": "pohon"
}, {
"model": 4,
"posisi": Vector3(183.392, 6.19608, -300.663),
"rotasi": Basis(-0.999947, 0, 0.0102999, 0, 1, 0, -0.0102999, 0, -0.999947),
"tipe": "semak"
}, {
"model": 4,
"posisi": Vector3(-228.304, 9.01961, -298.168),
"rotasi": Basis(0.272456, 0, 0.962168, 0, 1, 0, -0.962168, 0, 0.272456),
"tipe": "batu"
}, {
"model": 3,
"posisi": Vector3(-213.333, 8.70588, -298.168),
"rotasi": Basis(-0.981593, 0, -0.190985, 0, 1, 0, 0.190985, 0, -0.981593),
"tipe": "pohon"
}, {
"model": 2,
"posisi": Vector3(-268.226, 8.62745, -295.673),
"rotasi": Basis(0.806993, 0, 0.59056, 0, 1, 0, -0.59056, 0, 0.806993),
"tipe": "pohon"
}, {
"model": 3,
"posisi": Vector3(-203.353, 7.84314, -295.673),
"rotasi": Basis(0.943143, 0, -0.332388, 0, 1, 0, 0.332388, 0, 0.943143),
"tipe": "semak"
}, {
"model": 1,
"posisi": Vector3(-193.372, 7.21569, -295.673),
"rotasi": Basis(-0.725213, 0, 0.688524, 0, 1, 0, -0.688524, 0, -0.725213),
"tipe": "semak"
}, {
"model": 1,
"posisi": Vector3(-233.294, 8.39216, -293.177),
"rotasi": Basis(-0.0711943, 0, 0.997462, 0, 1, 0, -0.997462, 0, -0.0711943),
"tipe": "pohon"
}, {
"model": 0,
"posisi": Vector3(-195.867, 7.05882, -288.187),
"rotasi": Basis(0.985819, 0, -0.16781, 0, 1, 0, 0.16781, 0, 0.985819),
"tipe": "semak"
}, {
"model": 1,
"posisi": Vector3(-183.392, 6.19608, -288.187),
"rotasi": Basis(-0.761395, 0, 0.648289, 0, 1, 0, -0.648289, 0, -0.761395),
"tipe": "batu"
}, {
"model": 1,
"posisi": Vector3(-240.78, 7.68627, -285.692),
"rotasi": Basis(0.283009, 0, -0.959117, 0, 1, 0, 0.959117, 0, 0.283009),
"tipe": "semak"
}, {
"model": 2,
"posisi": Vector3(-275.712, 7.84314, -283.197),
"rotasi": Basis(0.803901, 0, -0.594763, 0, 1, 0, 0.594763, 0, 0.803901),
"tipe": "semak"
}, {
"model": 3,
"posisi": Vector3(-233.294, 7.37255, -283.197),
"rotasi": Basis(-0.143776, 0, -0.98961, 0, 1, 0, 0.98961, 0, -0.143776),
"tipe": "batu"
}, {
"model": 4,
"posisi": Vector3(-188.382, 6.5098, -283.197),
"rotasi": Basis(0.994692, 0, 0.102896, 0, 1, 0, -0.102896, 0, 0.994692),
"tipe": "batu"
}, {
"model": 4,
"posisi": Vector3(-268.226, 7.92157, -280.702),
"rotasi": Basis(0.182358, 0, -0.983232, 0, 1, 0, 0.983232, 0, 0.182358),
"tipe": "pohon"
}, {
"model": 1,
"posisi": Vector3(-258.246, 7.92157, -280.702),
"rotasi": Basis(0.991867, 0, 0.127278, 0, 1, 0, -0.127278, 0, 0.991867),
"tipe": "batu"
}, {
"model": 4,
"posisi": Vector3(-208.343, 7.52941, -280.702),
"rotasi": Basis(-0.846157, 0, -0.532933, 0, 1, 0, 0.532933, 0, -0.846157),
"tipe": "batu"
}, {
"model": 2,
"posisi": Vector3(-280.702, 7.05882, -278.207),
"rotasi": Basis(0.904306, 0, -0.426884, 0, 1, 0, 0.426884, 0, 0.904306),
"tipe": "batu"
}, {
"model": 4,
"posisi": Vector3(-253.255, 7.60784, -278.207),
"rotasi": Basis(0.839598, 0, -0.543208, 0, 1, 0, 0.543208, 0, 0.839598),
"tipe": "semak"
}, {
"model": 3,
"posisi": Vector3(-193.372, 6.82353, -278.207),
"rotasi": Basis(0.886246, 0, 0.463215, 0, 1, 0, -0.463215, 0, 0.886246),
"tipe": "semak"
}, {
"model": 2,
"posisi": Vector3(-283.197, 6.58824, -275.712),
"rotasi": Basis(-0.726501, 0, -0.687165, 0, 1, 0, 0.687165, 0, -0.726501),
"tipe": "semak"
}, {
"model": 4,
"posisi": Vector3(-283.197, 6.35294, -270.721),
"rotasi": Basis(0.292584, 0, 0.95624, 0, 1, 0, -0.95624, 0, 0.292584),
"tipe": "pohon"
}, {
"model": 2,
"posisi": Vector3(-218.324, 7.29412, -270.721),
"rotasi": Basis(0.249509, 0, 0.968372, 0, 1, 0, -0.968372, 0, 0.249509),
"tipe": "semak"
}, {
"model": 4,
"posisi": Vector3(278.207, 6.19608, -268.226),
"rotasi": Basis(0.300503, 0, -0.953781, 0, 1, 0, 0.953781, 0, 0.300503),
"tipe": "pohon"
}, {
"model": 1,
"posisi": Vector3(-263.236, 6.98039, -265.731),
"rotasi": Basis(-0.701687, 0, -0.712486, 0, 1, 0, 0.712486, 0, -0.701687),
"tipe": "pohon"
}, {
"model": 1,
"posisi": Vector3(-228.304, 6.90196, -265.731),
"rotasi": Basis(0.9292, 0, 0.369576, 0, 1, 0, -0.369576, 0, 0.9292),
"tipe": "semak"
}, {
"model": 0,
"posisi": Vector3(-283.197, 6.27451, -263.236),
"rotasi": Basis(-0.911791, 0, -0.410654, 0, 1, 0, 0.410654, 0, -0.911791),
"tipe": "batu"
}, {
"model": 2,
"posisi": Vector3(-233.294, 6.90196, -263.236),
"rotasi": Basis(0.724131, 0, -0.689663, 0, 1, 0, 0.689663, 0, 0.724131),
"tipe": "batu"
}, {
"model": 3,
"posisi": Vector3(-270.721, 6.66667, -260.741),
"rotasi": Basis(0.999878, 0, 0.0156458, 0, 1, 0, -0.0156458, 0, 0.999878),
"tipe": "pohon"
}, {
"model": 3,
"posisi": Vector3(-243.275, 6.98039, -260.741),
"rotasi": Basis(0.770674, 0, 0.637229, 0, 1, 0, -0.637229, 0, 0.770674),
"tipe": "pohon"
}, {
"model": 4,
"posisi": Vector3(-175.906, 6.03922, -260.741),
"rotasi": Basis(0.504008, 0, 0.863699, 0, 1, 0, -0.863699, 0, 0.504008),
"tipe": "batu"
}, {
"model": 3,
"posisi": Vector3(268.226, 6.27451, -260.741),
"rotasi": Basis(-0.564646, 0, 0.825333, 0, 1, 0, -0.825333, 0, -0.564646),
"tipe": "batu"
}, {
"model": 3,
"posisi": Vector3(283.197, 6.11765, -260.741),
"rotasi": Basis(0.942989, 0, -0.332825, 0, 1, 0, 0.332825, 0, 0.942989),
"tipe": "batu"
}, {
"model": 3,
"posisi": Vector3(265.731, 6.27451, -258.246),
"rotasi": Basis(0.897921, 0, 0.440157, 0, 1, 0, -0.440157, 0, 0.897921),
"tipe": "pohon"
}, {
"model": 4,
"posisi": Vector3(-198.363, 6.5098, -255.751),
"rotasi": Basis(0.90386, 0, -0.427829, 0, 1, 0, 0.427829, 0, 0.90386),
"tipe": "semak"
}, {
"model": 0,
"posisi": Vector3(-188.382, 6.66667, -255.751),
"rotasi": Basis(-0.827873, 0, 0.560916, 0, 1, 0, -0.560916, 0, -0.827873),
"tipe": "pohon"
}, {
"model": 3,
"posisi": Vector3(265.731, 6.43137, -255.751),
"rotasi": Basis(0.876565, 0, -0.481284, 0, 1, 0, 0.481284, 0, 0.876565),
"tipe": "semak"
}, {
"model": 4,
"posisi": Vector3(-238.285, 6.82353, -253.255),
"rotasi": Basis(0.294161, 0, 0.955756, 0, 1, 0, -0.955756, 0, 0.294161),
"tipe": "semak"
}, {
"model": 2,
"posisi": Vector3(-200.858, 6.5098, -253.255),
"rotasi": Basis(0.609329, 0, 0.792918, 0, 1, 0, -0.792918, 0, 0.609329),
"tipe": "batu"
}, {
"model": 2,
"posisi": Vector3(258.246, 6.03922, -253.255),
"rotasi": Basis(0.615553, 0, -0.788096, 0, 1, 0, 0.788096, 0, 0.615553),
"tipe": "batu"
}, {
"model": 1,
"posisi": Vector3(-210.838, 6.82353, -250.76),
"rotasi": Basis(0.803559, 0, 0.595225, 0, 1, 0, -0.595225, 0, 0.803559),
"tipe": "batu"
}, {
"model": 0,
"posisi": Vector3(-188.382, 6.35294, -248.265),
"rotasi": Basis(-0.8842, 0, 0.467108, 0, 1, 0, -0.467108, 0, -0.8842),
"tipe": "pohon"
}, {
"model": 3,
"posisi": Vector3(265.731, 6.58824, -248.265),
"rotasi": Basis(-0.965506, 0, -0.260379, 0, 1, 0, 0.260379, 0, -0.965506),
"tipe": "batu"
}, {
"model": 4,
"posisi": Vector3(278.207, 6.90196, -248.265),
"rotasi": Basis(-0.529231, 0, 0.848478, 0, 1, 0, -0.848478, 0, -0.529231),
"tipe": "batu"
}, {
"model": 4,
"posisi": Vector3(-223.314, 6.58824, -245.77),
"rotasi": Basis(0.117634, 0, 0.993057, 0, 1, 0, -0.993057, 0, 0.117634),
"tipe": "batu"
}, {
"model": 0,
"posisi": Vector3(-228.304, 6.19608, -243.275),
"rotasi": Basis(0.723588, 0, -0.690232, 0, 1, 0, 0.690232, 0, 0.723588),
"tipe": "pohon"
}, {
"model": 4,
"posisi": Vector3(290.682, 6.19608, -243.275),
"rotasi": Basis(-0.94363, 0, 0.331004, 0, 1, 0, -0.331004, 0, -0.94363),
"tipe": "batu"
}, {
"model": 2,
"posisi": Vector3(-210.838, 6.58824, -238.285),
"rotasi": Basis(-0.243841, 0, -0.969815, 0, 1, 0, 0.969815, 0, -0.243841),
"tipe": "pohon"
}, {
"model": 3,
"posisi": Vector3(-195.867, 6.11765, -238.285),
"rotasi": Basis(0.428996, 0, -0.903306, 0, 1, 0, 0.903306, 0, 0.428996),
"tipe": "pohon"
}, {
"model": 2,
"posisi": Vector3(-183.392, 6.27451, -238.285),
"rotasi": Basis(0.284877, 0, 0.958564, 0, 1, 0, -0.958564, 0, 0.284877),
"tipe": "semak"
}, {
"model": 4,
"posisi": Vector3(293.177, 6.19608, -238.285),
"rotasi": Basis(-0.978763, 0, -0.204997, 0, 1, 0, 0.204997, 0, -0.978763),
"tipe": "batu"
}, {
"model": 4,
"posisi": Vector3(-210.838, 6.43137, -235.789),
"rotasi": Basis(-0.958831, 0, 0.283976, 0, 1, 0, -0.283976, 0, -0.958831),
"tipe": "semak"
}, {
"model": 3,
"posisi": Vector3(250.76, 6.03922, -235.789),
"rotasi": Basis(-0.601694, 0, -0.798727, 0, 1, 0, 0.798727, 0, -0.601694),
"tipe": "semak"
}, {
"model": 1,
"posisi": Vector3(-225.809, 6.11765, -233.294),
"rotasi": Basis(-0.977931, 0, -0.208927, 0, 1, 0, 0.208927, 0, -0.977931),
"tipe": "pohon"
}, {
"model": 4,
"posisi": Vector3(-178.402, 6.03922, -233.294),
"rotasi": Basis(-0.919297, 0, -0.393564, 0, 1, 0, 0.393564, 0, -0.919297),
"tipe": "pohon"
}, {
"model": 3,
"posisi": Vector3(255.751, 6.27451, -233.294),
"rotasi": Basis(-0.324903, 0, -0.945747, 0, 1, 0, 0.945747, 0, -0.324903),
"tipe": "pohon"
}, {
"model": 2,
"posisi": Vector3(260.741, 6.5098, -233.294),
"rotasi": Basis(-0.759118, 0, -0.650953, 0, 1, 0, 0.650953, 0, -0.759118),
"tipe": "semak"
}, {
"model": 2,
"posisi": Vector3(-218.324, 6.19608, -230.799),
"rotasi": Basis(-0.844964, 0, 0.534823, 0, 1, 0, -0.534823, 0, -0.844964),
"tipe": "batu"
}, {
"model": 3,
"posisi": Vector3(-213.333, 6.19608, -230.799),
"rotasi": Basis(-0.41569, 0, 0.909507, 0, 1, 0, -0.909507, 0, -0.41569),
"tipe": "pohon"
}, {
"model": 3,
"posisi": Vector3(253.255, 6.11765, -230.799),
"rotasi": Basis(0.941425, 0, -0.337223, 0, 1, 0, 0.337223, 0, 0.941425),
"tipe": "batu"
}, {
"model": 1,
"posisi": Vector3(268.226, 6.90196, -230.799),
"rotasi": Basis(-0.954527, 0, -0.298125, 0, 1, 0, 0.298125, 0, -0.954527),
"tipe": "semak"
}, {
"model": 3,
"posisi": Vector3(278.207, 7.29412, -230.799),
"rotasi": Basis(-0.130211, 0, -0.991486, 0, 1, 0, 0.991486, 0, -0.130211),
"tipe": "batu"
}, {
"model": 0,
"posisi": Vector3(263.236, 6.66667, -228.304),
"rotasi": Basis(-0.998344, 0, 0.05752, 0, 1, 0, -0.05752, 0, -0.998344),
"tipe": "pohon"
}, {
"model": 2,
"posisi": Vector3(285.692, 6.82353, -228.304),
"rotasi": Basis(0.537614, 0, -0.843191, 0, 1, 0, 0.843191, 0, 0.537614),
"tipe": "batu"
}, {
"model": 1,
"posisi": Vector3(295.673, 6.27451, -225.809),
"rotasi": Basis(-0.0764463, 0, -0.997074, 0, 1, 0, 0.997074, 0, -0.0764463),
"tipe": "pohon"
}, {
"model": 3,
"posisi": Vector3(298.168, 6.03922, -225.809),
"rotasi": Basis(-0.116993, 0, -0.993133, 0, 1, 0, 0.993133, 0, -0.116993),
"tipe": "batu"
}, {
"model": 1,
"posisi": Vector3(-215.828, 6.03922, -220.819),
"rotasi": Basis(-0.999646, 0, -0.026614, 0, 1, 0, 0.026614, 0, -0.999646),
"tipe": "semak"
}, {
"model": 3,
"posisi": Vector3(-183.392, 6.03922, -220.819),
"rotasi": Basis(0.073785, 0, -0.997274, 0, 1, 0, 0.997274, 0, 0.073785),
"tipe": "batu"
}, {
"model": 4,
"posisi": Vector3(-175.906, 6.03922, -220.819),
"rotasi": Basis(0.914131, 0, -0.405419, 0, 1, 0, 0.405419, 0, 0.914131),
"tipe": "batu"
}, {
"model": 1,
"posisi": Vector3(255.751, 6.43137, -220.819),
"rotasi": Basis(0.741275, 0, 0.671202, 0, 1, 0, -0.671202, 0, 0.741275),
"tipe": "pohon"
}, {
"model": 1,
"posisi": Vector3(280.702, 7.37255, -220.819),
"rotasi": Basis(-0.595875, 0, 0.803077, 0, 1, 0, -0.803077, 0, -0.595875),
"tipe": "semak"
}, {
"model": 0,
"posisi": Vector3(240.78, 6.11765, -218.324),
"rotasi": Basis(-0.465477, 0, 0.88506, 0, 1, 0, -0.88506, 0, -0.465477),
"tipe": "pohon"
}, {
"model": 3,
"posisi": Vector3(243.275, 6.35294, -215.828),
"rotasi": Basis(-0.162616, 0, -0.986689, 0, 1, 0, 0.986689, 0, -0.162616),
"tipe": "batu"
}, {
"model": 2,
"posisi": Vector3(200.858, 6.03922, -213.333),
"rotasi": Basis(-0.976481, 0, -0.215605, 0, 1, 0, 0.215605, 0, -0.976481),
"tipe": "semak"
}, {
"model": 0,
"posisi": Vector3(203.353, 6.03922, -213.333),
"rotasi": Basis(0.62776, 0, -0.778407, 0, 1, 0, 0.778407, 0, 0.62776),
"tipe": "pohon"
}, {
"model": 2,
"posisi": Vector3(235.789, 6.11765, -213.333),
"rotasi": Basis(0.319289, 0, -0.947657, 0, 1, 0, 0.947657, 0, 0.319289),
"tipe": "pohon"
}, {
"model": 0,
"posisi": Vector3(265.731, 7.13726, -213.333),
"rotasi": Basis(-0.844826, 0, -0.535041, 0, 1, 0, 0.535041, 0, -0.844826),
"tipe": "pohon"
}, {
"model": 1,
"posisi": Vector3(38.6745, 6.35294, -210.838),
"rotasi": Basis(-0.716541, 0, 0.697545, 0, 1, 0, -0.697545, 0, -0.716541),
"tipe": "pohon"
}, {
"model": 1,
"posisi": Vector3(265.731, 7.45098, -208.343),
"rotasi": Basis(-0.850208, 0, 0.526447, 0, 1, 0, -0.526447, 0, -0.850208),
"tipe": "semak"
}, {
"model": 2,
"posisi": Vector3(-223.314, 6.03922, -205.848),
"rotasi": Basis(-0.999738, 0, 0.0229033, 0, 1, 0, -0.0229033, 0, -0.999738),
"tipe": "pohon"
}, {
"model": 3,
"posisi": Vector3(6.23779, 6.82353, -205.848),
"rotasi": Basis(0.798344, 0, 0.602201, 0, 1, 0, -0.602201, 0, 0.798344),
"tipe": "pohon"
}, {
"model": 1,
"posisi": Vector3(61.1306, 6.19608, -205.848),
"rotasi": Basis(-0.306416, 0, -0.951898, 0, 1, 0, 0.951898, 0, -0.306416),
"tipe": "pohon"
}, {
"model": 3,
"posisi": Vector3(93.5673, 6.11765, -205.848),
"rotasi": Basis(0.76941, 0, 0.638755, 0, 1, 0, -0.638755, 0, 0.76941),
"tipe": "batu"
}, {
"model": 1,
"posisi": Vector3(205.848, 6.35294, -205.848),
"rotasi": Basis(-0.174958, 0, -0.984576, 0, 1, 0, 0.984576, 0, -0.174958),
"tipe": "semak"
}, {
"model": 2,
"posisi": Vector3(283.197, 7.92157, -205.848),
"rotasi": Basis(-0.0088182, 0, 0.999961, 0, 1, 0, -0.999961, 0, -0.0088182),
"tipe": "semak"
}, {
"model": 3,
"posisi": Vector3(-203.353, 6.03922, -203.353),
"rotasi": Basis(-0.715205, 0, -0.698915, 0, 1, 0, 0.698915, 0, -0.715205),
"tipe": "pohon"
}, {
"model": 1,
"posisi": Vector3(-1.24756, 6.82353, -203.353),
"rotasi": Basis(0.999816, 0, -0.0191799, 0, 1, 0, 0.0191799, 0, 0.999816),
"tipe": "batu"
}, {
"model": 4,
"posisi": Vector3(103.548, 6.11765, -203.353),
"rotasi": Basis(0.98636, 0, -0.164603, 0, 1, 0, 0.164603, 0, 0.98636),
"tipe": "batu"
}, {
"model": 0,
"posisi": Vector3(265.731, 7.92157, -203.353),
"rotasi": Basis(-0.397519, 0, -0.917594, 0, 1, 0, 0.917594, 0, -0.397519),
"tipe": "semak"
}, {
"model": 1,
"posisi": Vector3(290.682, 7.60784, -203.353),
"rotasi": Basis(0.621394, 0, -0.783498, 0, 1, 0, 0.783498, 0, 0.621394),
"tipe": "batu"
}, {
"model": 2,
"posisi": Vector3(-240.78, 6.11765, -200.858),
"rotasi": Basis(-0.906701, 0, -0.421775, 0, 1, 0, 0.421775, 0, -0.906701),
"tipe": "batu"
}, {
"model": 0,
"posisi": Vector3(-228.304, 6.11765, -200.858),
"rotasi": Basis(0.277577, 0, 0.960703, 0, 1, 0, -0.960703, 0, 0.277577),
"tipe": "pohon"
}, {
"model": 4,
"posisi": Vector3(-223.314, 6.27451, -200.858),
"rotasi": Basis(-0.999371, 0, 0.0354618, 0, 1, 0, -0.0354618, 0, -0.999371),
"tipe": "semak"
}, {
"model": 4,
"posisi": Vector3(51.1501, 7.13726, -200.858),
"rotasi": Basis(0.996175, 0, -0.0873817, 0, 1, 0, 0.0873817, 0, 0.996175),
"tipe": "semak"
}, {
"model": 4,
"posisi": Vector3(56.1404, 6.98039, -200.858),
"rotasi": Basis(-0.49862, 0, 0.866821, 0, 1, 0, -0.866821, 0, -0.49862),
"tipe": "batu"
}, {
"model": 0,
"posisi": Vector3(106.043, 6.03922, -200.858),
"rotasi": Basis(0.545065, 0, 0.838394, 0, 1, 0, -0.838394, 0, 0.545065),
"tipe": "semak"
}, {
"model": 4,
"posisi": Vector3(203.353, 6.82353, -200.858),
"rotasi": Basis(-0.524663, 0, -0.85131, 0, 1, 0, 0.85131, 0, -0.524663),
"tipe": "pohon"
}, {
"model": 2,
"posisi": Vector3(230.799, 6.90196, -200.858),
"rotasi": Basis(-0.859789, 0, 0.51065, 0, 1, 0, -0.51065, 0, -0.859789),
"tipe": "pohon"
}, {
"model": 2,
"posisi": Vector3(43.6647, 7.29412, -198.363),
"rotasi": Basis(-0.668338, 0, 0.743858, 0, 1, 0, -0.743858, 0, -0.668338),
"tipe": "pohon"
}, {
"model": 1,
"posisi": Vector3(56.1404, 7.05882, -198.363),
"rotasi": Basis(-0.348457, 0, 0.937325, 0, 1, 0, -0.937325, 0, -0.348457),
"tipe": "semak"
}, {
"model": 1,
"posisi": Vector3(63.6257, 6.66667, -198.363),
"rotasi": Basis(-0.851945, 0, -0.523631, 0, 1, 0, 0.523631, 0, -0.851945),
"tipe": "batu"
}, {
"model": 0,
"posisi": Vector3(185.887, 6.35294, -198.363),
"rotasi": Basis(-0.999543, 0, 0.0302385, 0, 1, 0, -0.0302385, 0, -0.999543),
"tipe": "pohon"
}, {
"model": 2,
"posisi": Vector3(190.877, 6.90196, -198.363),
"rotasi": Basis(-0.736683, 0, -0.676238, 0, 1, 0, 0.676238, 0, -0.736683),
"tipe": "batu"
}, {
"model": 4,
"posisi": Vector3(-178.402, 6.35294, -195.867),
"rotasi": Basis(0.904961, 0, -0.425495, 0, 1, 0, 0.425495, 0, 0.904961),
"tipe": "batu"
}, {
"model": 3,
"posisi": Vector3(51.1501, 7.45098, -195.867),
"rotasi": Basis(0.251738, 0, 0.967795, 0, 1, 0, -0.967795, 0, 0.251738),
"tipe": "pohon"
}, {
"model": 2,
"posisi": Vector3(61.1306, 7.05882, -195.867),
"rotasi": Basis(0.96656, 0, -0.256442, 0, 1, 0, 0.256442, 0, 0.96656),
"tipe": "semak"
}, {
"model": 4,
"posisi": Vector3(111.033, 6.03922, -195.867),
"rotasi": Basis(0.9933, 0, 0.115561, 0, 1, 0, -0.115561, 0, 0.9933),
"tipe": "pohon"
}, {
"model": 4,
"posisi": Vector3(183.392, 6.19608, -195.867),
"rotasi": Basis(0.179414, 0, 0.983774, 0, 1, 0, -0.983774, 0, 0.179414),
"tipe": "batu"
}, {
"model": 0,
"posisi": Vector3(188.382, 6.82353, -195.867),
"rotasi": Basis(-0.25345, 0, 0.967349, 0, 1, 0, -0.967349, 0, -0.25345),
"tipe": "pohon"
}, {
"model": 2,
"posisi": Vector3(230.799, 7.45098, -195.867),
"rotasi": Basis(-0.635612, 0, -0.772008, 0, 1, 0, 0.772008, 0, -0.635612),
"tipe": "batu"
}, {
"model": 0,
"posisi": Vector3(21.2086, 8.31373, -193.372),
"rotasi": Basis(-0.589938, 0, -0.807449, 0, 1, 0, 0.807449, 0, -0.589938),
"tipe": "batu"
}, {
"model": 2,
"posisi": Vector3(46.1598, 7.60784, -193.372),
"rotasi": Basis(-0.708289, 0, -0.705922, 0, 1, 0, 0.705922, 0, -0.708289),
"tipe": "semak"
}, {
"model": 0,
"posisi": Vector3(106.043, 6.58824, -193.372),
"rotasi": Basis(0.975564, 0, 0.219715, 0, 1, 0, -0.219715, 0, 0.975564),
"tipe": "pohon"
}, {
"model": 4,
"posisi": Vector3(111.033, 6.27451, -193.372),
"rotasi": Basis(0.893309, 0, -0.449443, 0, 1, 0, 0.449443, 0, 0.893309),
"tipe": "pohon"
}, {
"model": 1,
"posisi": Vector3(-198.363, 6.11765, -190.877),
"rotasi": Basis(0.456045, 0, -0.889957, 0, 1, 0, 0.889957, 0, 0.456045),
"tipe": "pohon"
}, {
"model": 3,
"posisi": Vector3(-195.867, 6.11765, -190.877),
"rotasi": Basis(0.807601, 0, 0.58973, 0, 1, 0, -0.58973, 0, 0.807601),
"tipe": "semak"
}, {
"model": 0,
"posisi": Vector3(-185.887, 6.43137, -190.877),
"rotasi": Basis(0.126522, 0, -0.991964, 0, 1, 0, 0.991964, 0, 0.126522),
"tipe": "semak"
}, {
"model": 1,
"posisi": Vector3(-11.2281, 6.82353, -190.877),
"rotasi": Basis(0.740777, 0, 0.67175, 0, 1, 0, -0.67175, 0, 0.740777),
"tipe": "batu"
}, {
"model": 1,
"posisi": Vector3(-1.24756, 7.45098, -190.877),
"rotasi": Basis(0.0314527, 0, -0.999505, 0, 1, 0, 0.999505, 0, 0.0314527),
"tipe": "semak"
}, {
"model": 3,
"posisi": Vector3(38.6745, 8.07843, -190.877),
"rotasi": Basis(0.120719, 0, -0.992687, 0, 1, 0, 0.992687, 0, 0.120719),
"tipe": "batu"
}, {
"model": 2,
"posisi": Vector3(76.1014, 7.29412, -190.877),
"rotasi": Basis(-0.79421, 0, -0.607643, 0, 1, 0, 0.607643, 0, -0.79421),
"tipe": "semak"
}, {
"model": 3,
"posisi": Vector3(113.528, 6.19608, -190.877),
"rotasi": Basis(0.226144, 0, 0.974094, 0, 1, 0, -0.974094, 0, 0.226144),
"tipe": "semak"
}, {
"model": 3,
