[gd_scene load_steps=14 format=3 uid="uid://dfoyqfg2gqaff"]

[ext_resource type="Script" path="res://skrip/entitas/permukaan.gd" id="3_kx3r3"]
[ext_resource type="Shader" uid="uid://bbo1abph4arco" path="res://material/air.tres" id="4_8uwqe"]
[ext_resource type="Image" uid="uid://bllj5hw6hqn7k" path="res://map/pulau/pulau.png" id="4_kp02e"]
[ext_resource type="Texture2D" uid="uid://8445g8tcy0q3" path="res://material/dev/Dark/texture_01.png" id="4_v0af0"]
[ext_resource type="PackedScene" uid="uid://dvtfq67kfjnh7" path="res://skena/entitas/bola_batu.scn" id="7_mxxfs"]

[sub_resource type="StandardMaterial3D" id="StandardMaterial3D_fu78a"]
albedo_texture = ExtResource("4_v0af0")
uv1_scale = Vector3(25, 25, 25)
point_size = 128.0

[sub_resource type="QuadMesh" id="QuadMesh_56wji"]
material = SubResource("StandardMaterial3D_fu78a")
size = Vector2(2000, 2000)
orientation = 1

[sub_resource type="BoxShape3D" id="BoxShape3D_oj1l1"]
size = Vector3(50, 1, 50)

[sub_resource type="PlaneMesh" id="PlaneMesh_nopol"]
size = Vector2(1500, 1500)

[sub_resource type="ShaderMaterial" id="ShaderMaterial_8bme2"]
render_priority = 0
shader = ExtResource("4_8uwqe")
shader_parameter/ColorParameter = Color(0, 0.184314, 0.380392, 1)

[sub_resource type="BoxMesh" id="BoxMesh_njgt3"]

[sub_resource type="StandardMaterial3D" id="StandardMaterial3D_583rv"]

[sub_resource type="ConvexPolygonShape3D" id="ConvexPolygonShape3D_ilglt"]
points = PackedVector3Array(-0.5, -0.5, -0.5, 0.5, 0.5, 0.5, 0.5, -0.5, 0.5, 0.5, 0.5, -0.5, -0.5, 0.5, 0.5, 0.5, -0.5, -0.5, -0.5, -0.5, 0.5, -0.5, 0.5, -0.5)

[node name="lingkungan" type="Node3D"]
transform = Transform3D(1, 0, 0, 0, 1, 0, 0, 0, 1, 0, 5, 0)

[node name="posisi_spawn" type="Marker3D" parent="."]
transform = Transform3D(0.707107, 0, 0.707107, 0, 1, 0, -0.707107, 0, 0.707107, -164.522, -1.028, 16.845)

[node name="lantai" type="StaticBody3D" parent="." groups=["dapat_diedit"]]
transform = Transform3D(1, 0, 0, 0, 1, 0, 0, 0, 1, 0, -5, 0)

[node name="m_lantai" type="MeshInstance3D" parent="lantai"]
transform = Transform3D(1, 0, 0, 0, 1, 0, 0, 0, 1, 0, -0.5, 0)
mesh = SubResource("QuadMesh_56wji")
skeleton = NodePath("../..")

[node name="f_lantai" type="CollisionShape3D" parent="lantai"]
transform = Transform3D(1, 0, 0, 0, 1, 0, 0, 0, 1, 0, -1, 0)
shape = SubResource("BoxShape3D_oj1l1")

[node name="permukaan" type="Node3D" parent="."]
transform = Transform3D(1, 0, 0, 0, 1, 0, 0, 0, 1, 0, -4.95, 0)
script = ExtResource("3_kx3r3")
gunakan_frustum_culling = true
hasilkan_vegetasi = true
hasilkan_fisik = true
hasilkan_potongan = true
jumlah_potongan = 6
hasilkan_lod = true
tinggi_maks = 60
tekstur = ExtResource("4_kp02e")
potongan = [{
"indeks": "1_1",
"instance": {},
"lebar_x": 212.5,
"lebar_y": 212.5,
"pusat_x": -533.75,
"pusat_y": -533.75,
"start_x": -640.0,
"start_y": -640.0,
"vegetasi": {}
}, {
"indeks": "1_2",
"instance": {},
"lebar_x": 212.5,
"lebar_y": 212.5,
"pusat_x": -321.25,
"pusat_y": -533.75,
"start_x": -427.5,
"start_y": -640.0,
"vegetasi": {}
}, {
"indeks": "1_3",
"instance": {},
"lebar_x": 212.5,
"lebar_y": 212.5,
"pusat_x": -108.75,
"pusat_y": -533.75,
"start_x": -215.0,
"start_y": -640.0,
"vegetasi": {}
}, {
"indeks": "1_4",
"instance": {},
"lebar_x": 212.5,
"lebar_y": 212.5,
"pusat_x": 103.75,
"pusat_y": -533.75,
"start_x": -2.5,
"start_y": -640.0,
"vegetasi": {}
}, {
"indeks": "1_5",
"instance": {},
"lebar_x": 212.5,
"lebar_y": 212.5,
"pusat_x": 316.25,
"pusat_y": -533.75,
"start_x": 210.0,
"start_y": -640.0,
"vegetasi": {}
}, {
"indeks": "1_6",
"instance": {},
"lebar_x": 212.5,
"lebar_y": 212.5,
"pusat_x": 528.75,
"pusat_y": -533.75,
"start_x": 422.5,
"start_y": -640.0,
"vegetasi": {}
}, {
"indeks": "2_1",
"instance": {},
"lebar_x": 212.5,
"lebar_y": 212.5,
"pusat_x": -533.75,
"pusat_y": -321.25,
"start_x": -640.0,
"start_y": -427.5,
"vegetasi": {}
}, {
"indeks": "2_2",
"instance": {},
"lebar_x": 212.5,
"lebar_y": 212.5,
"m_render": "detail",
"pusat_x": -321.25,
"pusat_y": -321.25,
"start_x": -427.5,
"start_y": -427.5,
"vegetasi": {}
}, {
"indeks": "2_3",
"instance": {},
"lebar_x": 212.5,
"lebar_y": 212.5,
"m_render": "detail",
"pusat_x": -108.75,
"pusat_y": -321.25,
"start_x": -215.0,
"start_y": -427.5,
"vegetasi": {}
}, {
"indeks": "2_4",
"instance": {},
"lebar_x": 212.5,
"lebar_y": 212.5,
"m_render": "detail",
"pusat_x": 103.75,
"pusat_y": -321.25,
"start_x": -2.5,
"start_y": -427.5,
"vegetasi": {}
}, {
"indeks": "2_5",
"instance": {},
"lebar_x": 212.5,
"lebar_y": 212.5,
"m_render": "detail",
"pusat_x": 316.25,
"pusat_y": -321.25,
"start_x": 210.0,
"start_y": -427.5,
"vegetasi": {}
}, {
"indeks": "2_6",
"instance": {},
"lebar_x": 212.5,
"lebar_y": 212.5,
"pusat_x": 528.75,
"pusat_y": -321.25,
"start_x": 422.5,
"start_y": -427.5,
"vegetasi": {}
}, {
"indeks": "3_1",
"instance": {},
"lebar_x": 212.5,
"lebar_y": 212.5,
"pusat_x": -533.75,
"pusat_y": -108.75,
"start_x": -640.0,
"start_y": -215.0,
"vegetasi": {}
}, {
"indeks": "3_2",
"instance": {},
"lebar_x": 212.5,
"lebar_y": 212.5,
"m_render": "detail",
"pusat_x": -321.25,
"pusat_y": -108.75,
"start_x": -427.5,
"start_y": -215.0,
"vegetasi": {}
}, {
"indeks": "3_3",
"instance": {},
"lebar_x": 212.5,
"lebar_y": 212.5,
"m_render": "detail",
"pusat_x": -108.75,
"pusat_y": -108.75,
"start_x": -215.0,
"start_y": -215.0,
"vegetasi": {}
}, {
"indeks": "3_4",
"instance": {},
"lebar_x": 212.5,
"lebar_y": 212.5,
"m_render": "detail",
"pusat_x": 103.75,
"pusat_y": -108.75,
"start_x": -2.5,
"start_y": -215.0,
"vegetasi": {}
}, {
"indeks": "3_5",
"instance": {},
"lebar_x": 212.5,
"lebar_y": 212.5,
"m_render": "detail",
"pusat_x": 316.25,
"pusat_y": -108.75,
"start_x": 210.0,
"start_y": -215.0,
"vegetasi": {}
}, {
"indeks": "3_6",
"instance": {},
"lebar_x": 212.5,
"lebar_y": 212.5,
"pusat_x": 528.75,
"pusat_y": -108.75,
"start_x": 422.5,
"start_y": -215.0,
"vegetasi": {}
}, {
"indeks": "4_1",
"instance": {},
"lebar_x": 212.5,
"lebar_y": 212.5,
"pusat_x": -533.75,
"pusat_y": 103.75,
"start_x": -640.0,
"start_y": -2.5,
"vegetasi": {}
}, {
"indeks": "4_2",
"instance": {},
"lebar_x": 212.5,
"lebar_y": 212.5,
"m_render": "detail",
"pusat_x": -321.25,
"pusat_y": 103.75,
"start_x": -427.5,
"start_y": -2.5,
"vegetasi": {}
}, {
"indeks": "4_3",
"instance": {},
"lebar_x": 212.5,
"lebar_y": 212.5,
"m_render": "detail",
"pusat_x": -108.75,
"pusat_y": 103.75,
"start_x": -215.0,
"start_y": -2.5,
"vegetasi": {}
}, {
"indeks": "4_4",
"instance": {},
"lebar_x": 212.5,
"lebar_y": 212.5,
"m_render": "detail",
"pusat_x": 103.75,
"pusat_y": 103.75,
"start_x": -2.5,
"start_y": -2.5,
"vegetasi": {}
}, {
"indeks": "4_5",
"instance": {},
"lebar_x": 212.5,
"lebar_y": 212.5,
"m_render": "detail",
"pusat_x": 316.25,
"pusat_y": 103.75,
"start_x": 210.0,
"start_y": -2.5,
"vegetasi": {}
}, {
"indeks": "4_6",
"instance": {},
"lebar_x": 212.5,
"lebar_y": 212.5,
"pusat_x": 528.75,
"pusat_y": 103.75,
"start_x": 422.5,
"start_y": -2.5,
"vegetasi": {}
}, {
"indeks": "5_1",
"instance": {},
"lebar_x": 212.5,
"lebar_y": 212.5,
"pusat_x": -533.75,
"pusat_y": 316.25,
"start_x": -640.0,
"start_y": 210.0,
"vegetasi": {}
}, {
"indeks": "5_2",
"instance": {},
"lebar_x": 212.5,
"lebar_y": 212.5,
"m_render": "detail",
"pusat_x": -321.25,
"pusat_y": 316.25,
"start_x": -427.5,
"start_y": 210.0,
"vegetasi": {}
}, {
"indeks": "5_3",
"instance": {},
"lebar_x": 212.5,
"lebar_y": 212.5,
"m_render": "detail",
"pusat_x": -108.75,
"pusat_y": 316.25,
"start_x": -215.0,
"start_y": 210.0,
"vegetasi": {}
}, {
"indeks": "5_4",
"instance": {},
"lebar_x": 212.5,
"lebar_y": 212.5,
"m_render": "detail",
"pusat_x": 103.75,
"pusat_y": 316.25,
"start_x": -2.5,
"start_y": 210.0,
"vegetasi": {}
}, {
"indeks": "5_5",
"instance": {},
"lebar_x": 212.5,
"lebar_y": 212.5,
"pusat_x": 316.25,
"pusat_y": 316.25,
"start_x": 210.0,
"start_y": 210.0,
"vegetasi": {}
}, {
"indeks": "5_6",
"instance": {},
"lebar_x": 212.5,
"lebar_y": 212.5,
"pusat_x": 528.75,
"pusat_y": 316.25,
"start_x": 422.5,
"start_y": 210.0,
"vegetasi": {}
}, {
"indeks": "6_1",
"instance": {},
"lebar_x": 212.5,
"lebar_y": 212.5,
"pusat_x": -533.75,
"pusat_y": 528.75,
"start_x": -640.0,
"start_y": 422.5,
"vegetasi": {}
}, {
"indeks": "6_2",
"instance": {},
"lebar_x": 212.5,
"lebar_y": 212.5,
"pusat_x": -321.25,
"pusat_y": 528.75,
"start_x": -427.5,
"start_y": 422.5,
"vegetasi": {}
}, {
"indeks": "6_3",
"instance": {},
"lebar_x": 212.5,
"lebar_y": 212.5,
"pusat_x": -108.75,
"pusat_y": 528.75,
"start_x": -215.0,
"start_y": 422.5,
"vegetasi": {}
}, {
"indeks": "6_4",
"instance": {},
"lebar_x": 212.5,
"lebar_y": 212.5,
"pusat_x": 103.75,
"pusat_y": 528.75,
"start_x": -2.5,
"start_y": 422.5,
"vegetasi": {}
}, {
"indeks": "6_5",
"instance": {},
"lebar_x": 212.5,
"lebar_y": 212.5,
"pusat_x": 316.25,
"pusat_y": 528.75,
"start_x": 210.0,
"start_y": 422.5,
"vegetasi": {}
}, {
"indeks": "6_6",
"instance": {},
"lebar_x": 212.5,
"lebar_y": 212.5,
"pusat_x": 528.75,
"pusat_y": 528.75,
"start_x": 422.5,
"start_y": 422.5,
"vegetasi": {}
}]
vegetasi = [{
"model": 2,
"posisi": Vector3(193.372, 6.27451, -402.963),
"rotasi": Basis(-0.953202, 0, -0.302335, 0, 1, 0, 0.302335, 0, -0.953202),
"tipe": "pohon"
}, {
"model": 1,
"posisi": Vector3(188.382, 6.5098, -395.478),
"rotasi": Basis(-0.750509, 0, -0.66086, 0, 1, 0, 0.66086, 0, -0.750509),
"tipe": "batu"
}, {
"model": 1,
"posisi": Vector3(195.867, 6.5098, -395.478),
"rotasi": Basis(-0.463964, 0, -0.885854, 0, 1, 0, 0.885854, 0, -0.463964),
"tipe": "batu"
}, {
"model": 0,
"posisi": Vector3(208.343, 6.27451, -395.478),
"rotasi": Basis(-0.0599059, 0, -0.998204, 0, 1, 0, 0.998204, 0, -0.0599059),
"tipe": "pohon"
}, {
"model": 2,
"posisi": Vector3(205.848, 6.43137, -390.487),
"rotasi": Basis(0.991407, 0, 0.130814, 0, 1, 0, -0.130814, 0, 0.991407),
"tipe": "batu"
}, {
"model": 1,
"posisi": Vector3(-223.314, 6.11765, -385.497),
"rotasi": Basis(0.600899, 0, -0.799325, 0, 1, 0, 0.799325, 0, 0.600899),
"tipe": "pohon"
}, {
"model": 0,
"posisi": Vector3(205.848, 6.43137, -385.497),
"rotasi": Basis(0.768352, 0, -0.640028, 0, 1, 0, 0.640028, 0, 0.768352),
"tipe": "semak"
}, {
"model": 2,
"posisi": Vector3(-220.819, 6.43137, -383.002),
"rotasi": Basis(-0.759502, 0, -0.650505, 0, 1, 0, 0.650505, 0, -0.759502),
"tipe": "semak"
}, {
"model": 2,
"posisi": Vector3(-263.236, 6.35294, -380.507),
"rotasi": Basis(0.860789, 0, -0.508962, 0, 1, 0, 0.508962, 0, 0.860789),
"tipe": "semak"
}, {
"model": 3,
"posisi": Vector3(-245.77, 6.58824, -380.507),
"rotasi": Basis(0.0156544, 0, -0.999877, 0, 1, 0, 0.999877, 0, 0.0156544),
"tipe": "semak"
}, {
"model": 1,
"posisi": Vector3(180.897, 6.58824, -380.507),
"rotasi": Basis(0.360283, 0, 0.932843, 0, 1, 0, -0.932843, 0, 0.360283),
"tipe": "batu"
}, {
"model": 0,
"posisi": Vector3(-273.216, 6.27451, -378.012),
"rotasi": Basis(-0.222888, 0, 0.974844, 0, 1, 0, -0.974844, 0, -0.222888),
"tipe": "pohon"
}, {
"model": 0,
"posisi": Vector3(-250.76, 6.82353, -378.012),
"rotasi": Basis(0.405079, 0, -0.914282, 0, 1, 0, 0.914282, 0, 0.405079),
"tipe": "pohon"
}, {
"model": 2,
"posisi": Vector3(198.363, 6.43137, -378.012),
"rotasi": Basis(-0.486867, 0, 0.873476, 0, 1, 0, -0.873476, 0, -0.486867),
"tipe": "semak"
}, {
"model": 0,
"posisi": Vector3(-225.809, 7.13726, -375.517),
"rotasi": Basis(0.840949, 0, -0.541115, 0, 1, 0, 0.541115, 0, 0.840949),
"tipe": "batu"
}, {
"model": 2,
"posisi": Vector3(200.858, 6.35294, -375.517),
"rotasi": Basis(-0.835366, 0, 0.549695, 0, 1, 0, -0.549695, 0, -0.835366),
"tipe": "semak"
}, {
"model": 2,
"posisi": Vector3(208.343, 6.03922, -375.517),
"rotasi": Basis(0.122465, 0, 0.992473, 0, 1, 0, -0.992473, 0, 0.122465),
"tipe": "semak"
}, {
"model": 3,
"posisi": Vector3(-280.702, 6.98039, -370.526),
"rotasi": Basis(-0.843977, 0, -0.536379, 0, 1, 0, 0.536379, 0, -0.843977),
"tipe": "batu"
}, {
"model": 4,
"posisi": Vector3(-250.76, 7.76471, -370.526),
"rotasi": Basis(0.425309, 0, 0.905048, 0, 1, 0, -0.905048, 0, 0.425309),
"tipe": "semak"
}, {
"model": 0,
"posisi": Vector3(-188.382, 6.11765, -370.526),
"rotasi": Basis(-0.657276, 0, 0.75365, 0, 1, 0, -0.75365, 0, -0.657276),
"tipe": "batu"
}, {
"model": 1,
"posisi": Vector3(183.392, 6.58824, -370.526),
"rotasi": Basis(0.827556, 0, 0.561383, 0, 1, 0, -0.561383, 0, 0.827556),
"tipe": "batu"
}, {
"model": 1,
"posisi": Vector3(185.887, 6.58824, -370.526),
"rotasi": Basis(-0.203887, 0, 0.978994, 0, 1, 0, -0.978994, 0, -0.203887),
"tipe": "batu"
}, {
"model": 0,
"posisi": Vector3(-248.265, 8.07843, -368.031),
"rotasi": Basis(-0.478346, 0, 0.878171, 0, 1, 0, -0.878171, 0, -0.478346),
"tipe": "pohon"
}, {
"model": 2,
"posisi": Vector3(-240.78, 8.07843, -368.031),
"rotasi": Basis(0.740987, 0, -0.671519, 0, 1, 0, 0.671519, 0, 0.740987),
"tipe": "pohon"
}, {
"model": 2,
"posisi": Vector3(-233.294, 7.84314, -368.031),
"rotasi": Basis(-0.532826, 0, -0.846225, 0, 1, 0, 0.846225, 0, -0.532826),
"tipe": "batu"
}, {
"model": 2,
"posisi": Vector3(-258.246, 8.07843, -365.536),
"rotasi": Basis(0.871568, 0, 0.490274, 0, 1, 0, -0.490274, 0, 0.871568),
"tipe": "semak"
}, {
"model": 1,
"posisi": Vector3(-225.809, 7.76471, -365.536),
"rotasi": Basis(0.772019, 0, 0.635599, 0, 1, 0, -0.635599, 0, 0.772019),
"tipe": "pohon"
}, {
"model": 4,
"posisi": Vector3(-213.333, 7.84314, -363.041),
"rotasi": Basis(0.288142, 0, 0.957588, 0, 1, 0, -0.957588, 0, 0.288142),
"tipe": "batu"
}, {
"model": 3,
"posisi": Vector3(-275.712, 8.23529, -360.546),
"rotasi": Basis(0.910857, 0, -0.412722, 0, 1, 0, 0.412722, 0, 0.910857),
"tipe": "batu"
}, {
"model": 4,
"posisi": Vector3(-245.77, 8.78431, -358.051),
"rotasi": Basis(-0.497571, 0, -0.867423, 0, 1, 0, 0.867423, 0, -0.497571),
"tipe": "pohon"
}, {
"model": 4,
"posisi": Vector3(185.887, 6.19608, -358.051),
"rotasi": Basis(0.421715, 0, -0.906729, 0, 1, 0, 0.906729, 0, 0.421715),
"tipe": "pohon"
}, {
"model": 0,
"posisi": Vector3(-293.177, 7.21569, -355.556),
"rotasi": Basis(-0.941708, 0, 0.33643, 0, 1, 0, -0.33643, 0, -0.941708),
"tipe": "semak"
}, {
"model": 3,
"posisi": Vector3(-230.799, 8.15686, -355.556),
"rotasi": Basis(-0.885624, 0, -0.464402, 0, 1, 0, 0.464402, 0, -0.885624),
"tipe": "semak"
}, {
"model": 4,
"posisi": Vector3(-225.809, 8, -355.556),
"rotasi": Basis(-0.544562, 0, -0.83872, 0, 1, 0, 0.83872, 0, -0.544562),
"tipe": "semak"
}, {
"model": 4,
"posisi": Vector3(-290.682, 7.76471, -350.565),
"rotasi": Basis(-0.0473988, 0, 0.998876, 0, 1, 0, -0.998876, 0, -0.0473988),
"tipe": "pohon"
}, {
"model": 1,
"posisi": Vector3(-283.197, 8.54902, -350.565),
"rotasi": Basis(0.812873, 0, -0.582441, 0, 1, 0, 0.582441, 0, 0.812873),
"tipe": "batu"
}, {
"model": 2,
"posisi": Vector3(-218.324, 8.31373, -350.565),
"rotasi": Basis(-0.334131, 0, 0.942527, 0, 1, 0, -0.942527, 0, -0.334131),
"tipe": "pohon"
}, {
"model": 4,
"posisi": Vector3(205.848, 6.19608, -348.07),
"rotasi": Basis(-0.554582, 0, 0.832129, 0, 1, 0, -0.832129, 0, -0.554582),
"tipe": "pohon"
}, {
"model": 4,
"posisi": Vector3(-250.76, 9.17647, -345.575),
"rotasi": Basis(0.388174, 0, 0.921586, 0, 1, 0, -0.921586, 0, 0.388174),
"tipe": "batu"
}, {
"model": 0,
"posisi": Vector3(198.363, 6.11765, -343.08),
"rotasi": Basis(-0.981035, 0, -0.19383, 0, 1, 0, 0.19383, 0, -0.981035),
"tipe": "batu"
}, {
"model": 1,
"posisi": Vector3(-290.682, 8, -340.585),
"rotasi": Basis(-0.879285, 0, -0.476296, 0, 1, 0, 0.476296, 0, -0.879285),
"tipe": "pohon"
}, {
"model": 4,
"posisi": Vector3(-238.285, 9.17647, -338.09),
"rotasi": Basis(0.663792, 0, -0.747917, 0, 1, 0, 0.747917, 0, 0.663792),
"tipe": "semak"
}, {
"model": 2,
"posisi": Vector3(215.828, 6.03922, -338.09),
"rotasi": Basis(-0.786815, 0, 0.617189, 0, 1, 0, -0.617189, 0, -0.786815),
"tipe": "pohon"
}, {
"model": 2,
"posisi": Vector3(-300.663, 6.35294, -335.595),
"rotasi": Basis(0.645786, 0, -0.763519, 0, 1, 0, 0.763519, 0, 0.645786),
"tipe": "pohon"
}, {
"model": 1,
"posisi": Vector3(-210.838, 8.86275, -333.099),
"rotasi": Basis(-0.754893, 0, 0.655848, 0, 1, 0, -0.655848, 0, -0.754893),
"tipe": "semak"
}, {
"model": 3,
"posisi": Vector3(-288.187, 8.70588, -330.604),
"rotasi": Basis(0.90208, 0, -0.431569, 0, 1, 0, 0.431569, 0, 0.90208),
"tipe": "batu"
}, {
"model": 1,
"posisi": Vector3(-253.255, 9.41177, -328.109),
"rotasi": Basis(-0.53493, 0, 0.844896, 0, 1, 0, -0.844896, 0, -0.53493),
"tipe": "pohon"
}, {
"model": 0,
"posisi": Vector3(-303.158, 6.19608, -325.614),
"rotasi": Basis(-0.503217, 0, 0.86416, 0, 1, 0, -0.86416, 0, -0.503217),
"tipe": "batu"
}, {
"model": 3,
"posisi": Vector3(-293.177, 7.92157, -325.614),
"rotasi": Basis(0.0989451, 0, -0.995093, 0, 1, 0, 0.995093, 0, 0.0989451),
"tipe": "pohon"
}, {
"model": 2,
"posisi": Vector3(-255.751, 9.41177, -325.614),
"rotasi": Basis(0.623366, 0, -0.78193, 0, 1, 0, 0.78193, 0, 0.623366),
"tipe": "pohon"
}, {
"model": 0,
"posisi": Vector3(-233.294, 9.72549, -325.614),
"rotasi": Basis(-0.775198, 0, -0.631719, 0, 1, 0, 0.631719, 0, -0.775198),
"tipe": "semak"
}, {
"model": 1,
"posisi": Vector3(-275.712, 9.80392, -323.119),
"rotasi": Basis(0.653321, 0, 0.757081, 0, 1, 0, -0.757081, 0, 0.653321),
"tipe": "batu"
}, {
"model": 2,
"posisi": Vector3(-270.721, 9.64706, -320.624),
"rotasi": Basis(-0.774737, 0, 0.632284, 0, 1, 0, -0.632284, 0, -0.774737),
"tipe": "batu"
}, {
"model": 1,
"posisi": Vector3(-203.353, 8.54902, -320.624),
"rotasi": Basis(0.40553, 0, -0.914082, 0, 1, 0, 0.914082, 0, 0.40553),
"tipe": "semak"
}, {
"model": 2,
"posisi": Vector3(-185.887, 6.82353, -320.624),
"rotasi": Basis(-0.653101, 0, 0.757271, 0, 1, 0, -0.757271, 0, -0.653101),
"tipe": "pohon"
}, {
"model": 3,
"posisi": Vector3(-213.333, 9.64706, -318.129),
"rotasi": Basis(0.843292, 0, -0.537455, 0, 1, 0, 0.537455, 0, 0.843292),
"tipe": "batu"
}, {
"model": 2,
"posisi": Vector3(-295.673, 7.29412, -315.634),
"rotasi": Basis(-0.326631, 0, 0.945152, 0, 1, 0, -0.945152, 0, -0.326631),
"tipe": "semak"
}, {
"model": 3,
"posisi": Vector3(-273.216, 9.33333, -313.138),
"rotasi": Basis(0.979209, 0, 0.202854, 0, 1, 0, -0.202854, 0, 0.979209),
"tipe": "pohon"
}, {
"model": 1,
"posisi": Vector3(-250.76, 9.4902, -310.643),
"rotasi": Basis(-0.952251, 0, 0.305316, 0, 1, 0, -0.305316, 0, -0.952251),
"tipe": "batu"
}, {
"model": 0,
"posisi": Vector3(-213.333, 9.64706, -310.643),
"rotasi": Basis(0.422516, 0, -0.906355, 0, 1, 0, 0.906355, 0, 0.422516),
"tipe": "pohon"
}, {
"model": 1,
"posisi": Vector3(-253.255, 9.41177, -308.148),
"rotasi": Basis(0.620915, 0, 0.783878, 0, 1, 0, -0.783878, 0, 0.620915),
"tipe": "semak"
}, {
"model": 2,
"posisi": Vector3(-185.887, 6.98039, -308.148),
"rotasi": Basis(0.324876, 0, -0.945757, 0, 1, 0, 0.945757, 0, 0.324876),
"tipe": "batu"
}, {
"model": 1,
"posisi": Vector3(-188.382, 7.13726, -303.158),
"rotasi": Basis(0.681763, 0, 0.731573, 0, 1, 0, -0.731573, 0, 0.681763),
"tipe": "semak"
}, {
"model": 2,
"posisi": Vector3(-295.673, 6.82353, -300.663),
"rotasi": Basis(-0.992632, 0, -0.121165, 0, 1, 0, 0.121165, 0, -0.992632),
"tipe": "batu"
}, {
"model": 1,
"posisi": Vector3(-233.294, 8.94118, -298.168),
"rotasi": Basis(0.231241, 0, 0.972897, 0, 1, 0, -0.972897, 0, 0.231241),
"tipe": "batu"
}, {
"model": 3,
"posisi": Vector3(-215.828, 8.86275, -298.168),
"rotasi": Basis(0.668264, 0, 0.743924, 0, 1, 0, -0.743924, 0, 0.668264),
"tipe": "batu"
}, {
"model": 3,
"posisi": Vector3(-295.673, 6.58824, -295.673),
"rotasi": Basis(0.494133, 0, -0.869386, 0, 1, 0, 0.869386, 0, 0.494133),
"tipe": "batu"
}, {
"model": 4,
"posisi": Vector3(-285.692, 7.92157, -295.673),
"rotasi": Basis(0.0850531, 0, -0.996376, 0, 1, 0, 0.996376, 0, 0.0850531),
"tipe": "semak"
}, {
"model": 2,
"posisi": Vector3(-283.197, 8.15686, -295.673),
"rotasi": Basis(0.905895, 0, -0.423502, 0, 1, 0, 0.423502, 0, 0.905895),
"tipe": "semak"
}, {
"model": 4,
"posisi": Vector3(-270.721, 8.31373, -290.682),
"rotasi": Basis(-0.98959, 0, -0.143913, 0, 1, 0, 0.143913, 0, -0.98959),
"tipe": "pohon"
}, {
"model": 1,
"posisi": Vector3(-233.294, 7.84314, -288.187),
"rotasi": Basis(-0.192559, 0, -0.981285, 0, 1, 0, 0.981285, 0, -0.192559),
"tipe": "batu"
}, {
"model": 0,
"posisi": Vector3(-228.304, 7.76471, -288.187),
"rotasi": Basis(0.859238, 0, -0.511575, 0, 1, 0, 0.511575, 0, 0.859238),
"tipe": "semak"
}, {
"model": 1,
"posisi": Vector3(-188.382, 6.5098, -285.692),
"rotasi": Basis(0.633878, 0, 0.773433, 0, 1, 0, -0.773433, 0, 0.633878),
"tipe": "batu"
}, {
"model": 3,
"posisi": Vector3(-273.216, 7.60784, -278.207),
"rotasi": Basis(0.991487, 0, 0.130207, 0, 1, 0, -0.130207, 0, 0.991487),
"tipe": "batu"
}, {
"model": 2,
"posisi": Vector3(-240.78, 7.13726, -278.207),
"rotasi": Basis(-0.822409, 0, 0.568896, 0, 1, 0, -0.568896, 0, -0.822409),
"tipe": "batu"
}, {
"model": 4,
"posisi": Vector3(-200.858, 7.21569, -275.712),
"rotasi": Basis(-0.213895, 0, 0.976857, 0, 1, 0, -0.976857, 0, -0.213895),
"tipe": "semak"
}, {
"model": 3,
"posisi": Vector3(-220.819, 7.29412, -273.216),
"rotasi": Basis(0.680225, 0, -0.733004, 0, 1, 0, 0.733004, 0, 0.680225),
"tipe": "pohon"
}, {
"model": 4,
"posisi": Vector3(-213.333, 7.37255, -273.216),
"rotasi": Basis(0.998948, 0, -0.0458507, 0, 1, 0, 0.0458507, 0, 0.998948),
"tipe": "pohon"
}, {
"model": 1,
"posisi": Vector3(-178.402, 6.19608, -273.216),
"rotasi": Basis(-0.264297, 0, 0.964441, 0, 1, 0, -0.964441, 0, -0.264297),
"tipe": "batu"
}, {
"model": 2,
"posisi": Vector3(-215.828, 7.29412, -270.721),
"rotasi": Basis(0.92927, 0, 0.369402, 0, 1, 0, -0.369402, 0, 0.92927),
"tipe": "semak"
}, {
"model": 1,
"posisi": Vector3(-183.392, 6.5098, -268.226),
"rotasi": Basis(0.925556, 0, 0.37861, 0, 1, 0, -0.37861, 0, 0.925556),
"tipe": "batu"
}, {
"model": 4,
"posisi": Vector3(-208.343, 6.98039, -265.731),
"rotasi": Basis(0.908636, 0, -0.417589, 0, 1, 0, 0.417589, 0, 0.908636),
"tipe": "semak"
}, {
"model": 2,
"posisi": Vector3(-275.712, 6.66667, -263.236),
"rotasi": Basis(0.464812, 0, -0.885409, 0, 1, 0, 0.885409, 0, 0.464812),
"tipe": "batu"
}, {
"model": 3,
"posisi": Vector3(-240.78, 7.13726, -263.236),
"rotasi": Basis(-0.200513, 0, 0.979691, 0, 1, 0, -0.979691, 0, -0.200513),
"tipe": "pohon"
}, {
"model": 1,
"posisi": Vector3(-238.285, 7.13726, -263.236),
"rotasi": Basis(0.948719, 0, -0.31612, 0, 1, 0, 0.31612, 0, 0.948719),
"tipe": "batu"
}, {
"model": 0,
"posisi": Vector3(273.216, 6.27451, -263.236),
"rotasi": Basis(-0.99549, 0, -0.0948706, 0, 1, 0, 0.0948706, 0, -0.99549),
"tipe": "semak"
}, {
"model": 1,
"posisi": Vector3(-215.828, 6.98039, -260.741),
"rotasi": Basis(-0.0260255, 0, 0.999661, 0, 1, 0, -0.999661, 0, -0.0260255),
"tipe": "pohon"
}, {
"model": 4,
"posisi": Vector3(268.226, 6.43137, -258.246),
"rotasi": Basis(-0.0935649, 0, 0.995613, 0, 1, 0, -0.995613, 0, -0.0935649),
"tipe": "batu"
}, {
"model": 3,
"posisi": Vector3(-200.858, 6.5098, -255.751),
"rotasi": Basis(0.696022, 0, 0.718021, 0, 1, 0, -0.718021, 0, 0.696022),
"tipe": "semak"
}, {
"model": 4,
"posisi": Vector3(-213.333, 6.82353, -253.255),
"rotasi": Basis(-0.416756, 0, -0.909019, 0, 1, 0, 0.909019, 0, -0.416756),
"tipe": "pohon"
}, {
"model": 4,
"posisi": Vector3(-193.372, 6.5098, -253.255),
"rotasi": Basis(0.80955, 0, -0.587051, 0, 1, 0, 0.587051, 0, 0.80955),
"tipe": "batu"
}, {
"model": 4,
"posisi": Vector3(-178.402, 6.19608, -250.76),
"rotasi": Basis(0.498852, 0, 0.866687, 0, 1, 0, -0.866687, 0, 0.498852),
"tipe": "batu"
}, {
"model": 3,
"posisi": Vector3(270.721, 6.7451, -250.76),
"rotasi": Basis(-0.104313, 0, 0.994545, 0, 1, 0, -0.994545, 0, -0.104313),
"tipe": "semak"
}, {
"model": 1,
"posisi": Vector3(270.721, 6.82353, -248.265),
"rotasi": Basis(-0.0296931, 0, 0.999559, 0, 1, 0, -0.999559, 0, -0.0296931),
"tipe": "pohon"
}, {
"model": 4,
"posisi": Vector3(275.712, 7.05882, -245.77),
"rotasi": Basis(-0.515627, 0, 0.856813, 0, 1, 0, -0.856813, 0, -0.515627),
"tipe": "batu"
}, {
"model": 4,
"posisi": Vector3(-200.858, 6.27451, -238.285),
"rotasi": Basis(0.880979, 0, 0.473155, 0, 1, 0, -0.473155, 0, 0.880979),
"tipe": "pohon"
}, {
"model": 3,
"posisi": Vector3(-180.897, 6.19608, -238.285),
"rotasi": Basis(-0.360652, 0, -0.932701, 0, 1, 0, 0.932701, 0, -0.360652),
"tipe": "semak"
}, {
"model": 3,
"posisi": Vector3(253.255, 6.11765, -235.789),
"rotasi": Basis(0.998169, 0, -0.0604926, 0, 1, 0, 0.0604926, 0, 0.998169),
"tipe": "pohon"
}, {
"model": 2,
"posisi": Vector3(255.751, 6.27451, -235.789),
"rotasi": Basis(0.348928, 0, 0.93715, 0, 1, 0, -0.93715, 0, 0.348928),
"tipe": "semak"
}, {
"model": 4,
"posisi": Vector3(253.255, 6.11765, -233.294),
"rotasi": Basis(0.744331, 0, 0.66781, 0, 1, 0, -0.66781, 0, 0.744331),
"tipe": "semak"
}, {
"model": 4,
"posisi": Vector3(-180.897, 6.03922, -230.799),
"rotasi": Basis(-0.00606913, 0, -0.999982, 0, 1, 0, 0.999982, 0, -0.00606913),
"tipe": "pohon"
}, {
"model": 2,
"posisi": Vector3(-180.897, 6.11765, -225.809),
"rotasi": Basis(-0.983645, 0, -0.180115, 0, 1, 0, 0.180115, 0, -0.983645),
"tipe": "batu"
}, {
"model": 1,
"posisi": Vector3(285.692, 6.90196, -225.809),
"rotasi": Basis(-0.449214, 0, -0.893424, 0, 1, 0, 0.893424, 0, -0.449214),
"tipe": "batu"
}, {
"model": 3,
"posisi": Vector3(263.236, 6.82353, -220.819),
"rotasi": Basis(-0.877576, 0, 0.479438, 0, 1, 0, -0.479438, 0, -0.877576),
"tipe": "semak"
}, {
"model": 3,
"posisi": Vector3(268.226, 7.05882, -215.828),
"rotasi": Basis(0.711949, 0, 0.702232, 0, 1, 0, -0.702232, 0, 0.711949),
"tipe": "batu"
}, {
"model": 3,
"posisi": Vector3(295.673, 6.5098, -215.828),
"rotasi": Basis(-0.974549, 0, -0.224173, 0, 1, 0, 0.224173, 0, -0.974549),
"tipe": "pohon"
}, {
"model": 2,
"posisi": Vector3(-178.402, 6.11765, -213.333),
"rotasi": Basis(-0.878972, 0, 0.476874, 0, 1, 0, -0.476874, 0, -0.878972),
"tipe": "pohon"
}, {
"model": 4,
"posisi": Vector3(-183.392, 6.11765, -210.838),
"rotasi": Basis(-0.652786, 0, 0.757543, 0, 1, 0, -0.757543, 0, -0.652786),
"tipe": "batu"
}, {
"model": 1,
"posisi": Vector3(53.6452, 6.19608, -210.838),
"rotasi": Basis(0.286382, 0, 0.958116, 0, 1, 0, -0.958116, 0, 0.286382),
"tipe": "batu"
}, {
"model": 4,
"posisi": Vector3(290.682, 7.29412, -210.838),
"rotasi": Basis(-0.968366, 0, 0.249533, 0, 1, 0, -0.249533, 0, -0.968366),
"tipe": "batu"
}, {
"model": 0,
"posisi": Vector3(-1.24756, 6.43137, -208.343),
"rotasi": Basis(0.980004, 0, -0.198979, 0, 1, 0, 0.198979, 0, 0.980004),
"tipe": "semak"
}, {
"model": 2,
"posisi": Vector3(6.23779, 6.58824, -208.343),
"rotasi": Basis(0.981836, 0, -0.189732, 0, 1, 0, 0.189732, 0, 0.981836),
"tipe": "pohon"
}, {
"model": 3,
"posisi": Vector3(28.6939, 7.21569, -208.343),
"rotasi": Basis(-0.0759946, 0, 0.997108, 0, 1, 0, -0.997108, 0, -0.0759946),
"tipe": "semak"
}, {
"model": 2,
"posisi": Vector3(290.682, 7.45098, -208.343),
"rotasi": Basis(0.413927, 0, -0.91031, 0, 1, 0, 0.91031, 0, 0.413927),
"tipe": "semak"
}, {
"model": 3,
"posisi": Vector3(66.1208, 6.03922, -205.848),
"rotasi": Basis(-0.995598, 0, 0.0937223, 0, 1, 0, -0.0937223, 0, -0.995598),
"tipe": "batu"
}, {
"model": 4,
"posisi": Vector3(210.838, 6.19608, -205.848),
"rotasi": Basis(-0.747745, 0, -0.663987, 0, 1, 0, 0.663987, 0, -0.747745),
"tipe": "pohon"
}, {
"model": 4,
"posisi": Vector3(290.682, 7.52941, -205.848),
"rotasi": Basis(0.323831, 0, -0.946115, 0, 1, 0, 0.946115, 0, 0.323831),
"tipe": "pohon"
}, {
"model": 4,
"posisi": Vector3(-1.24756, 6.82353, -203.353),
"rotasi": Basis(-0.127271, 0, -0.991868, 0, 1, 0, 0.991868, 0, -0.127271),
"tipe": "pohon"
}, {
"model": 3,
"posisi": Vector3(41.1696, 6.90196, -203.353),
"rotasi": Basis(-0.632991, 0, 0.774159, 0, 1, 0, -0.774159, 0, -0.632991),
"tipe": "pohon"
}, {
"model": 4,
"posisi": Vector3(-238.285, 6.19608, -200.858),
"rotasi": Basis(0.0587019, 0, 0.998276, 0, 1, 0, -0.998276, 0, 0.0587019),
"tipe": "batu"
}, {
"model": 3,
"posisi": Vector3(-180.897, 6.27451, -200.858),
"rotasi": Basis(0.224799, 0, -0.974405, 0, 1, 0, 0.974405, 0, 0.224799),
"tipe": "batu"
}, {
"model": 0,
"posisi": Vector3(223.314, 6.5098, -200.858),
"rotasi": Basis(-0.805717, 0, -0.592301, 0, 1, 0, 0.592301, 0, -0.805717),
"tipe": "pohon"
}, {
"model": 1,
"posisi": Vector3(-198.363, 6.11765, -198.363),
"rotasi": Basis(0.0780446, 0, -0.99695, 0, 1, 0, 0.99695, 0, 0.0780446),
"tipe": "pohon"
}, {
"model": 3,
"posisi": Vector3(-190.877, 6.11765, -198.363),
"rotasi": Basis(-0.257587, 0, 0.966255, 0, 1, 0, -0.966255, 0, -0.257587),
"tipe": "semak"
}, {
"model": 1,
"posisi": Vector3(41.1696, 7.29412, -198.363),
"rotasi": Basis(0.661682, 0, 0.749785, 0, 1, 0, -0.749785, 0, 0.661682),
"tipe": "semak"
}, {
"model": 2,
"posisi": Vector3(91.0722, 7.05882, -198.363),
"rotasi": Basis(-0.476443, 0, 0.879205, 0, 1, 0, -0.879205, 0, -0.476443),
"tipe": "pohon"
}, {
"model": 1,
"posisi": Vector3(108.538, 6.03922, -198.363),
"rotasi": Basis(0.0900382, 0, 0.995938, 0, 1, 0, -0.995938, 0, 0.0900382),
"tipe": "batu"
}, {
"model": 1,
"posisi": Vector3(-223.314, 6.58824, -195.867),
"rotasi": Basis(0.142965, 0, -0.989728, 0, 1, 0, 0.989728, 0, 0.142965),
"tipe": "semak"
}, {
"model": 0,
"posisi": Vector3(-6.23783, 6.90196, -195.867),
"rotasi": Basis(0.539409, 0, -0.842044, 0, 1, 0, 0.842044, 0, 0.539409),
"tipe": "pohon"
}, {
"model": 1,
"posisi": Vector3(218.324, 6.98039, -195.867),
"rotasi": Basis(0.669217, 0, 0.743067, 0, 1, 0, -0.743067, 0, 0.669217),
"tipe": "batu"
}, {
"model": 4,
"posisi": Vector3(223.314, 7.13726, -195.867),
"rotasi": Basis(-0.994846, 0, 0.101397, 0, 1, 0, -0.101397, 0, -0.994846),
"tipe": "semak"
}, {
"model": 0,
"posisi": Vector3(260.741, 8.54902, -195.867),
"rotasi": Basis(-0.745743, 0, -0.666233, 0, 1, 0, 0.666233, 0, -0.745743),
"tipe": "semak"
}, {
"model": 3,
"posisi": Vector3(26.1988, 8.39216, -193.372),
"rotasi": Basis(-0.206923, 0, -0.978357, 0, 1, 0, 0.978357, 0, -0.206923),
"tipe": "batu"
}, {
"model": 4,
"posisi": Vector3(46.1598, 7.60784, -193.372),
"rotasi": Basis(0.986889, 0, -0.161398, 0, 1, 0, 0.161398, 0, 0.986889),
"tipe": "semak"
}, {
"model": 2,
"posisi": Vector3(200.858, 7.52941, -193.372),
"rotasi": Basis(-0.924044, 0, -0.382287, 0, 1, 0, 0.382287, 0, -0.924044),
"tipe": "semak"
}, {
"model": 4,
"posisi": Vector3(208.343, 7.52941, -193.372),
"rotasi": Basis(0.976954, 0, -0.213452, 0, 1, 0, 0.213452, 0, 0.976954),
"tipe": "pohon"
}, {
"model": 0,
"posisi": Vector3(218.324, 7.37255, -193.372),
"rotasi": Basis(-0.294728, 0, 0.955581, 0, 1, 0, -0.955581, 0, -0.294728),
"tipe": "pohon"
}, {
"model": 2,
"posisi": Vector3(250.76, 8.23529, -193.372),
"rotasi": Basis(0.980586, 0, -0.196088, 0, 1, 0, 0.196088, 0, 0.980586),
"tipe": "semak"
}, {
"model": 2,
"posisi": Vector3(213.333, 7.76471, -190.877),
"rotasi": Basis(-0.451645, 0, 0.892197, 0, 1, 0, -0.892197, 0, -0.451645),
"tipe": "pohon"
}, {
"model": 3,
"posisi": Vector3(228.304, 7.76471, -190.877),
"rotasi": Basis(-0.18026, 0, -0.983619, 0, 1, 0, 0.983619, 0, -0.18026),
"tipe": "batu"
}, {
"model": 3,
"posisi": Vector3(235.789, 7.92157, -190.877),
"rotasi": Basis(-0.357994, 0, 0.933724, 0, 1, 0, -0.933724, 0, -0.357994),
"tipe": "pohon"
}, {
"model": 2,
"posisi": Vector3(255.751, 8.54902, -190.877),
"rotasi": Basis(-0.0715384, 0, 0.997438, 0, 1, 0, -0.997438, 0, -0.0715384),
"tipe": "batu"
}, {
"model": 3,
"posisi": Vector3(270.721, 9.17647, -190.877),
"rotasi": Basis(0.835507, 0, 0.549479, 0, 1, 0, -0.549479, 0, 0.835507),
"tipe": "batu"
}, {
"model": 2,
"posisi": Vector3(-248.265, 6.98039, -188.382),
"rotasi": Basis(0.628416, 0, 0.777878, 0, 1, 0, -0.777878, 0, 0.628416),
"tipe": "batu"
}, {
"model": 1,
"posisi": Vector3(-198.363, 6.11765, -188.382),
"rotasi": Basis(-0.54567, 0, -0.838, 0, 1, 0, 0.838, 0, -0.54567),
"tipe": "semak"
}, {
"model": 1,
"posisi": Vector3(195.867, 7.76471, -188.382),
"rotasi": Basis(0.788381, 0, -0.615188, 0, 1, 0, 0.615188, 0, 0.788381),
"tipe": "semak"
}, {
"model": 3,
"posisi": Vector3(258.246, 8.86275, -188.382),
"rotasi": Basis(0.411216, 0, 0.911538, 0, 1, 0, -0.911538, 0, 0.411216),
"tipe": "batu"
}, {
"model": 4,
"posisi": Vector3(-175.906, 6.43137, -185.887),
"rotasi": Basis(-0.947954, 0, 0.318409, 0, 1, 0, -0.318409, 0, -0.947954),
"tipe": "batu"
}, {
"model": 1,
"posisi": Vector3(106.043, 7.13726, -185.887),
"rotasi": Basis(-0.149525, 0, -0.988758, 0, 1, 0, 0.988758, 0, -0.149525),
"tipe": "semak"
}, {
"model": 0,
"posisi": Vector3(230.799, 8.31373, -185.887),
"rotasi": Basis(-0.567513, 0, -0.823364, 0, 1, 0, 0.823364, 0, -0.567513),
"tipe": "semak"
}, {
"model": 1,
"posisi": Vector3(-190.877, 6.03922, -183.392),
"rotasi": Basis(-0.999433, 0, 0.033679, 0, 1, 0, -0.033679, 0, -0.999433),
"tipe": "semak"
}, {
"model": 0,
"posisi": Vector3(-6.23783, 7.45098, -183.392),
"rotasi": Basis(0.909393, 0, -0.415937, 0, 1, 0, 0.415937, 0, 0.909393),
"tipe": "batu"
}, {
"model": 4,
"posisi": Vector3(53.6452, 8.15686, -183.392),
"rotasi": Basis(-0.212517, 0, 0.977157, 0, 1, 0, -0.977157, 0, -0.212517),
"tipe": "batu"
}, {
"model": 2,
"posisi": Vector3(210.838, 8.47059, -183.392),
"rotasi": Basis(-0.898384, 0, 0.439211, 0, 1, 0, -0.439211, 0, -0.898384),
"tipe": "semak"
}, {
"model": 0,
"posisi": Vector3(250.76, 8.70588, -183.392),
"rotasi": Basis(0.959096, 0, -0.283081, 0, 1, 0, 0.283081, 0, 0.959096),
"tipe": "batu"
}, {
"model": 0,
"posisi": Vector3(275.712, 9.56863, -183.392),
"rotasi": Basis(0.984985, 0, 0.172641, 0, 1, 0, -0.172641, 0, 0.984985),
"tipe": "pohon"
}, {
"model": 1,
"posisi": Vector3(-268.226, 6.43137, -180.897),
"rotasi": Basis(-0.117971, 0, -0.993017, 0, 1, 0, 0.993017, 0, -0.117971),
"tipe": "batu"
}, {
"model": 1,
"posisi": Vector3(-233.294, 7.05882, -180.897),
"rotasi": Basis(0.866355, 0, -0.499429, 0, 1, 0, 0.499429, 0, 0.866355),
"tipe": "semak"
}, {
"model": 1,
"posisi": Vector3(-175.906, 6.19608, -180.897),
"rotasi": Basis(-0.133995, 0, -0.990982, 0, 1, 0, 0.990982, 0, -0.133995),
"tipe": "batu"
}, {
"model": 4,
"posisi": Vector3(93.5673, 7.92157, -180.897),
"rotasi": Basis(-0.460978, 0, -0.887411, 0, 1, 0, 0.887411, 0, -0.460978),
"tipe": "batu"
}, {
"model": 2,
"posisi": Vector3(240.78, 8.70588, -180.897),
"rotasi": Basis(-0.00714586, 0, 0.999974, 0, 1, 0, -0.999974, 0, -0.00714586),
"tipe": "semak"
}, {
"model": 0,
"posisi": Vector3(283.197, 9.56863, -180.897),
"rotasi": Basis(0.992037, 0, 0.125948, 0, 1, 0, -0.125948, 0, 0.992037),
"tipe": "pohon"
}, {
"model": 2,
"posisi": Vector3(285.692, 9.41177, -180.897),
"rotasi": Basis(0.99866, 0, 0.051759, 0, 1, 0, -0.051759, 0, 0.99866),
"tipe": "pohon"
}, {
"model": 1,
"posisi": Vector3(-260.741, 7.21569, -178.402),
"rotasi": Basis(-0.704565, 0, -0.709639, 0, 1, 0, 0.709639, 0, -0.704565),
"tipe": "semak"
}, {
"model": 1,
"posisi": Vector3(-195.867, 6.03922, -178.402),
"rotasi": Basis(0.850277, 0, 0.526336, 0, 1, 0, -0.526336, 0, 0.850277),
"tipe": "batu"
}, {
"model": 0,
"posisi": Vector3(-13.7232, 6.66667, -178.402),
"rotasi": Basis(0.724344, 0, -0.689438, 0, 1, 0, 0.689438, 0, 0.724344),
"tipe": "semak"
}, {
"model": 1,
"posisi": Vector3(8.73291, 8.23529, -178.402),
"rotasi": Basis(0.785249, 0, 0.61918, 0, 1, 0, -0.61918, 0, 0.785249),
"tipe": "pohon"
}, {
"model": 3,
"posisi": Vector3(33.6842, 9.17647, -178.402),
"rotasi": Basis(0.22929, 0, -0.973358, 0, 1, 0, 0.973358, 0, 0.22929),
"tipe": "semak"
}, {
"model": 0,
"posisi": Vector3(240.78, 8.94118, -178.402),
"rotasi": Basis(0.487182, 0, -0.8733, 0, 1, 0, 0.8733, 0, 0.487182),
"tipe": "pohon"
}, {
"model": 4,
"posisi": Vector3(-235.789, 6.98039, -175.906),
"rotasi": Basis(-0.993658, 0, -0.112443, 0, 1, 0, 0.112443, 0, -0.993658),
"tipe": "batu"
}, {
"model": 2,
"posisi": Vector3(-16.2183, 6.35294, -175.906),
"rotasi": Basis(0.141953, 0, 0.989873, 0, 1, 0, -0.989873, 0, 0.141953),
"tipe": "pohon"
}, {
"model": 2,
"posisi": Vector3(290.682, 9.17647, -175.906),
"rotasi": Basis(0.0834424, 0, 0.996513, 0, 1, 0, -0.996513, 0, 0.0834424),
"tipe": "batu"
}, {
"model": 3,
"posisi": Vector3(-275.712, 6.66667, -173.411),
"rotasi": Basis(-0.829852, 0, 0.557984, 0, 1, 0, -0.557984, 0, -0.829852),
"tipe": "pohon"
}, {
"model": 1,
"posisi": Vector3(-268.226, 7.21569, -173.411),
"rotasi": Basis(-0.0854997, 0, -0.996338, 0, 1, 0, 0.996338, 0, -0.0854997),
"tipe": "pohon"
}, {
"model": 1,
"posisi": Vector3(-215.828, 6.7451, -173.411),
"rotasi": Basis(-0.646595, 0, 0.762834, 0, 1, 0, -0.762834, 0, -0.646595),
"tipe": "semak"
}, {
"model": 2,
"posisi": Vector3(170.916, 6.27451, -173.411),
"rotasi": Basis(0.961071, 0, -0.276301, 0, 1, 0, 0.276301, 0, 0.961071),
"tipe": "pohon"
}, {
"model": 3,
"posisi": Vector3(173.411, 6.5098, -173.411),
"rotasi": Basis(-0.35226, 0, -0.935902, 0, 1, 0, 0.935902, 0, -0.35226),
"tipe": "semak"
}, {
"model": 2,
"posisi": Vector3(240.78, 9.09804, -173.411),
"rotasi": Basis(-0.609953, 0, -0.792438, 0, 1, 0, 0.792438, 0, -0.609953),
"tipe": "batu"
}, {
"model": 3,
"posisi": Vector3(308.148, 6.82353, -173.411),
"rotasi": Basis(0.671313, 0, -0.741174, 0, 1, 0, 0.741174, 0, 0.671313),
"tipe": "semak"
}, {
"model": 4,
"posisi": Vector3(310.643, 6.58824, -173.411),
"rotasi": Basis(-0.744095, 0, -0.668074, 0, 1, 0, 0.668074, 0, -0.744095),
"tipe": "batu"
}, {
"model": 3,
"posisi": Vector3(-263.236, 7.68627, -170.916),
"rotasi": Basis(-0.187452, 0, -0.982274, 0, 1, 0, 0.982274, 0, -0.187452),
"tipe": "semak"
}, {
"model": 3,
"posisi": Vector3(-248.265, 8, -170.916),
"rotasi": Basis(0.235888, 0, -0.97178, 0, 1, 0, 0.97178, 0, 0.235888),
"tipe": "semak"
}, {
"model": 2,
"posisi": Vector3(-203.353, 6.5098, -170.916),
"rotasi": Basis(0.999125, 0, -0.0418263, 0, 1, 0, 0.0418263, 0, 0.999125),
"tipe": "semak"
}, {
"model": 0,
"posisi": Vector3(-193.372, 6.03922, -170.916),
"rotasi": Basis(0.374996, 0, 0.927026, 0, 1, 0, -0.927026, 0, 0.374996),
"tipe": "batu"
}, {
"model": 4,
"posisi": Vector3(-13.7232, 6.27451, -170.916),
"rotasi": Basis(-0.00176398, 0, 0.999998, 0, 1, 0, -0.999998, 0, -0.00176398),
"tipe": "batu"
}, {
"model": 2,
"posisi": Vector3(88.577, 8, -170.916),
"rotasi": Basis(0.836389, 0, 0.548136, 0, 1, 0, -0.548136, 0, 0.836389),
"tipe": "batu"
}, {
"model": 1,
"posisi": Vector3(101.053, 7.60784, -170.916),
"rotasi": Basis(0.159507, 0, -0.987197, 0, 1, 0, 0.987197, 0, 0.159507),
"tipe": "pohon"
}, {
"model": 4,
"posisi": Vector3(170.916, 6.43137, -170.916),
"rotasi": Basis(-0.873027, 0, -0.487672, 0, 1, 0, 0.487672, 0, -0.873027),
"tipe": "batu"
}, {
"model": 3,
"posisi": Vector3(198.363, 9.01961, -170.916),
"rotasi": Basis(0.0630831, 0, 0.998008, 0, 1, 0, -0.998008, 0, 0.0630831),
"tipe": "pohon"
}, {
"model": 1,
"posisi": Vector3(-293.177, 6.19608, -168.421),
"rotasi": Basis(0.812557, 0, 0.582882, 0, 1, 0, -0.582882, 0, 0.812557),
"tipe": "pohon"
}, {
"model": 3,
"posisi": Vector3(-223.314, 6.82353, -168.421),
"rotasi": Basis(0.0927472, 0, -0.99569, 0, 1, 0, 0.99569, 0, 0.0927472),
"tipe": "batu"
}, {
"model": 3,
"posisi": Vector3(-195.867, 6.19608, -168.421),
"rotasi": Basis(-0.87061, 0, -0.491974, 0, 1, 0, 0.491974, 0, -0.87061),
"tipe": "pohon"
}, {
"model": 0,
"posisi": Vector3(-3.74268, 6.82353, -168.421),
"rotasi": Basis(-0.976007, 0, -0.21774, 0, 1, 0, 0.21774, 0, -0.976007),
"tipe": "batu"
}, {
"model": 4,
"posisi": Vector3(48.6549, 9.72549, -168.421),
"rotasi": Basis(0.917543, 0, -0.397637, 0, 1, 0, 0.397637, 0, 0.917543),
"tipe": "batu"
}, {
"model": 1,
"posisi": Vector3(175.906, 7.05882, -168.421),
"rotasi": Basis(0.678898, 0, 0.734232, 0, 1, 0, -0.734232, 0, 0.678898),
"tipe": "semak"
}, {
"model": 3,
"posisi": Vector3(283.197, 9.96078, -168.421),
"rotasi": Basis(-0.193764, 0, -0.981048, 0, 1, 0, 0.981048, 0, -0.193764),
"tipe": "batu"
}, {
"model": 2,
"posisi": Vector3(-288.187, 6.66667, -165.926),
"rotasi": Basis(-0.906918, 0, 0.421308, 0, 1, 0, -0.421308, 0, -0.906918),
"tipe": "pohon"
}, {
"model": 4,
"posisi": Vector3(-188.382, 6.19608, -165.926),
"rotasi": Basis(-0.984738, 0, -0.174041, 0, 1, 0, 0.174041, 0, -0.984738),
"tipe": "batu"
}, {
"model": 1,
"posisi": Vector3(-11.2281, 6.35294, -165.926),
"rotasi": Basis(-0.542194, 0, 0.840253, 0, 1, 0, -0.840253, 0, -0.542194),
"tipe": "semak"
}, {
"model": 2,
"posisi": Vector3(-1.24756, 7.05882, -165.926),
"rotasi": Basis(-0.257636, 0, -0.966242, 0, 1, 0, 0.966242, 0, -0.257636),
"tipe": "batu"
}, {
"model": 0,
"posisi": Vector3(46.1598, 9.96078, -165.926),
"rotasi": Basis(0.953715, 0, 0.30071, 0, 1, 0, -0.30071, 0, 0.953715),
"tipe": "semak"
}, {
"model": 0,
"posisi": Vector3(113.528, 6.58824, -165.926),
