[gd_scene load_steps=16 format=3 uid="uid://dfoyqfg2gqaff"]

[ext_resource type="Script" path="res://skrip/permukaan.gd" id="3_kx3r3"]
[ext_resource type="Shader" uid="uid://bbo1abph4arco" path="res://material/air.tres" id="4_8uwqe"]
[ext_resource type="Image" uid="uid://bllj5hw6hqn7k" path="res://map/pulau/pulau.png" id="4_kp02e"]
[ext_resource type="Texture2D" uid="uid://8445g8tcy0q3" path="res://material/dev/Dark/texture_01.png" id="4_v0af0"]
[ext_resource type="MeshLibrary" uid="uid://bh47xm2x6wyh4" path="res://model/dev.meshlib" id="5_ng1rp"]

[sub_resource type="StandardMaterial3D" id="StandardMaterial3D_fu78a"]
albedo_texture = ExtResource("4_v0af0")
uv1_scale = Vector3(25, 25, 25)
point_size = 128.0

[sub_resource type="QuadMesh" id="QuadMesh_56wji"]
material = SubResource("StandardMaterial3D_fu78a")
size = Vector2(50, 50)
orientation = 1

[sub_resource type="BoxShape3D" id="BoxShape3D_oj1l1"]
size = Vector3(50, 1, 50)

[sub_resource type="PhysicsMaterial" id="PhysicsMaterial_x5iwc"]

[sub_resource type="StandardMaterial3D" id="StandardMaterial3D_cakeb"]
shading_mode = 0
vertex_color_use_as_albedo = true
vertex_color_is_srgb = true

[sub_resource type="ArrayMesh" id="ArrayMesh_cystw"]
_surfaces = [{
"aabb": AABB(-0.54, -0.54, -0.54, 1.08, 1.08, 1.08),
"attribute_data": PackedByteArray(0, 0, 255, 255, 0, 0, 255, 255, 255, 0, 0, 255, 255, 0, 0, 255, 0, 255, 0, 255, 0, 255, 0, 255, 0, 0, 255, 255, 0, 0, 255, 255, 255, 0, 0, 255, 255, 0, 0, 255, 0, 255, 0, 255, 0, 255, 0, 255, 0, 0, 255, 255, 0, 0, 255, 255, 255, 0, 0, 255, 255, 0, 0, 255, 0, 255, 0, 255, 0, 255, 0, 255, 0, 0, 255, 255, 0, 0, 255, 255, 255, 0, 0, 255, 255, 0, 0, 255, 0, 255, 0, 255, 0, 255, 0, 255, 0, 0, 255, 255, 0, 0, 255, 255, 255, 0, 0, 255, 255, 0, 0, 255, 0, 255, 0, 255, 0, 255, 0, 255, 0, 0, 255, 255, 0, 0, 255, 255, 255, 0, 0, 255, 255, 0, 0, 255, 0, 255, 0, 255, 0, 255, 0, 255, 0, 0, 255, 255, 0, 0, 255, 255, 255, 0, 0, 255, 255, 0, 0, 255, 0, 255, 0, 255, 0, 255, 0, 255, 0, 0, 255, 255, 0, 0, 255, 255, 255, 0, 0, 255, 255, 0, 0, 255, 0, 255, 0, 255, 0, 255, 0, 255, 0, 0, 255, 255, 0, 0, 255, 255, 255, 0, 0, 255, 255, 0, 0, 255, 0, 255, 0, 255, 0, 255, 0, 255, 0, 0, 255, 255, 0, 0, 255, 255, 255, 0, 0, 255, 255, 0, 0, 255, 0, 255, 0, 255, 0, 255, 0, 255, 0, 0, 255, 255, 0, 0, 255, 255, 255, 0, 0, 255, 255, 0, 0, 255, 0, 255, 0, 255, 0, 255, 0, 255, 0, 0, 255, 255, 0, 0, 255, 255, 255, 0, 0, 255, 255, 0, 0, 255, 0, 255, 0, 255, 0, 255, 0, 255, 0, 0, 255, 255, 0, 0, 255, 255, 255, 0, 0, 255, 255, 0, 0, 255, 0, 255, 0, 255, 0, 255, 0, 255, 0, 0, 255, 255, 0, 0, 255, 255, 255, 0, 0, 255, 255, 0, 0, 255, 0, 255, 0, 255, 0, 255, 0, 255, 0, 0, 255, 255, 0, 0, 255, 255, 255, 0, 0, 255, 255, 0, 0, 255, 0, 255, 0, 255, 0, 255, 0, 255, 0, 0, 255, 255, 0, 0, 255, 255, 255, 0, 0, 255, 255, 0, 0, 255, 0, 255, 0, 255, 0, 255, 0, 255, 0, 0, 255, 255, 0, 0, 255, 255, 255, 0, 0, 255, 255, 0, 0, 255, 0, 255, 0, 255, 0, 255, 0, 255, 0, 0, 255, 255, 0, 0, 255, 255, 255, 0, 0, 255, 255, 0, 0, 255, 0, 255, 0, 255, 0, 255, 0, 255, 0, 0, 255, 255, 0, 0, 255, 255, 255, 0, 0, 255, 255, 0, 0, 255, 0, 255, 0, 255, 0, 255, 0, 255, 0, 0, 255, 255, 0, 0, 255, 255, 255, 0, 0, 255, 255, 0, 0, 255, 0, 255, 0, 255, 0, 255, 0, 255, 0, 0, 255, 255, 0, 0, 255, 255, 255, 0, 0, 255, 255, 0, 0, 255, 0, 255, 0, 255, 0, 255, 0, 255, 0, 0, 255, 255, 0, 0, 255, 255, 255, 0, 0, 255, 255, 0, 0, 255, 0, 255, 0, 255, 0, 255, 0, 255, 0, 0, 255, 255, 0, 0, 255, 255, 255, 0, 0, 255, 255, 0, 0, 255, 0, 255, 0, 255, 0, 255, 0, 255, 0, 0, 255, 255, 0, 0, 255, 255, 255, 0, 0, 255, 255, 0, 0, 255, 0, 255, 0, 255, 0, 255, 0, 255),
"format": 9,
"material": SubResource("StandardMaterial3D_cakeb"),
"primitive": 1,
"vertex_count": 144,
"vertex_data": PackedByteArray(0, 0, 0, 191, 0, 0, 0, 63, 0, 0, 0, 63, 10, 0, 0, 191, 236, 255, 255, 62, 113, 61, 10, 63, 0, 0, 0, 191, 0, 0, 0, 63, 0, 0, 0, 63, 31, 133, 235, 190, 0, 0, 0, 63, 236, 255, 255, 62, 0, 0, 0, 191, 0, 0, 0, 63, 0, 0, 0, 63, 0, 0, 0, 191, 113, 61, 10, 63, 10, 0, 0, 63, 0, 0, 0, 63, 0, 0, 0, 63, 0, 0, 0, 191, 0, 0, 0, 63, 0, 0, 0, 63, 113, 61, 10, 191, 0, 0, 0, 63, 0, 0, 0, 63, 0, 0, 0, 191, 31, 133, 235, 62, 0, 0, 0, 63, 10, 0, 0, 191, 0, 0, 0, 63, 0, 0, 0, 63, 0, 0, 0, 191, 0, 0, 0, 63, 113, 61, 10, 63, 0, 0, 0, 191, 0, 0, 0, 63, 0, 0, 0, 63, 0, 0, 0, 63, 236, 255, 255, 62, 236, 255, 255, 62, 113, 61, 10, 63, 0, 0, 0, 63, 0, 0, 0, 63, 0, 0, 0, 63, 113, 61, 10, 63, 0, 0, 0, 63, 236, 255, 255, 62, 0, 0, 0, 63, 0, 0, 0, 63, 0, 0, 0, 63, 0, 0, 0, 63, 113, 61, 10, 63, 10, 0, 0, 63, 0, 0, 0, 191, 0, 0, 0, 63, 0, 0, 0, 191, 0, 0, 0, 191, 0, 0, 0, 63, 113, 61, 10, 191, 0, 0, 0, 191, 0, 0, 0, 63, 0, 0, 0, 191, 113, 61, 10, 191, 0, 0, 0, 63, 10, 0, 0, 191, 0, 0, 0, 191, 0, 0, 0, 63, 0, 0, 0, 191, 0, 0, 0, 191, 113, 61, 10, 63, 0, 0, 0, 191, 0, 0, 0, 191, 0, 0, 0, 191, 0, 0, 0, 63, 10, 0, 0, 191, 10, 0, 0, 191, 113, 61, 10, 63, 0, 0, 0, 191, 0, 0, 0, 191, 0, 0, 0, 63, 31, 133, 235, 190, 0, 0, 0, 191, 236, 255, 255, 62, 0, 0, 0, 191, 0, 0, 0, 191, 0, 0, 0, 63, 0, 0, 0, 191, 31, 133, 235, 190, 10, 0, 0, 63, 0, 0, 0, 63, 0, 0, 0, 191, 0, 0, 0, 191, 0, 0, 0, 63, 0, 0, 0, 191, 113, 61, 10, 191, 0, 0, 0, 63, 0, 0, 0, 191, 0, 0, 0, 191, 31, 133, 235, 62, 0, 0, 0, 191, 10, 0, 0, 191, 0, 0, 0, 63, 0, 0, 0, 191, 0, 0, 0, 191, 0, 0, 0, 63, 31, 133, 235, 190, 0, 0, 0, 191, 0, 0, 0, 63, 0, 0, 0, 191, 0, 0, 0, 63, 236, 255, 255, 62, 10, 0, 0, 191, 113, 61, 10, 63, 0, 0, 0, 63, 0, 0, 0, 191, 0, 0, 0, 63, 113, 61, 10, 63, 0, 0, 0, 191, 236, 255, 255, 62, 0, 0, 0, 63, 0, 0, 0, 191, 0, 0, 0, 63, 0, 0, 0, 63, 31, 133, 235, 190, 10, 0, 0, 63, 0, 0, 0, 191, 0, 0, 0, 191, 0, 0, 0, 191, 0, 0, 0, 191, 0, 0, 0, 191, 113, 61, 10, 191, 0, 0, 0, 191, 0, 0, 0, 191, 0, 0, 0, 191, 113, 61, 10, 191, 0, 0, 0, 191, 10, 0, 0, 191, 0, 0, 0, 191, 0, 0, 0, 191, 0, 0, 0, 191, 0, 0, 0, 191, 31, 133, 235, 190, 0, 0, 0, 191, 0, 0, 0, 63, 0, 0, 0, 63, 0, 0, 0, 63, 113, 61, 10, 63, 0, 0, 0, 63, 236, 255, 255, 62, 0, 0, 0, 63, 0, 0, 0, 63, 0, 0, 0, 63, 0, 0, 0, 63, 0, 0, 0, 63, 31, 133, 235, 62, 0, 0, 0, 63, 0, 0, 0, 63, 0, 0, 0, 63, 0, 0, 0, 63, 113, 61, 10, 63, 0, 0, 0, 63, 0, 0, 0, 191, 0, 0, 0, 63, 0, 0, 0, 191, 113, 61, 10, 191, 0, 0, 0, 63, 10, 0, 0, 191, 0, 0, 0, 191, 0, 0, 0, 63, 0, 0, 0, 191, 10, 0, 0, 191, 236, 255, 255, 62, 31, 133, 235, 190, 0, 0, 0, 191, 0, 0, 0, 63, 0, 0, 0, 191, 0, 0, 0, 191, 113, 61, 10, 63, 236, 255, 255, 190, 0, 0, 0, 63, 0, 0, 0, 63, 0, 0, 0, 191, 113, 61, 10, 63, 0, 0, 0, 63, 10, 0, 0, 191, 0, 0, 0, 63, 0, 0, 0, 63, 0, 0, 0, 191, 0, 0, 0, 63, 0, 0, 0, 63, 113, 61, 10, 191, 0, 0, 0, 63, 0, 0, 0, 63, 0, 0, 0, 191, 0, 0, 0, 63, 113, 61, 10, 63, 0, 0, 0, 191, 0, 0, 0, 191, 0, 0, 0, 63, 0, 0, 0, 63, 113, 61, 10, 191, 0, 0, 0, 63, 236, 255, 255, 62, 0, 0, 0, 191, 0, 0, 0, 63, 0, 0, 0, 63, 10, 0, 0, 191, 236, 255, 255, 62, 113, 61, 10, 63, 0, 0, 0, 191, 0, 0, 0, 63, 0, 0, 0, 63, 0, 0, 0, 191, 113, 61, 10, 63, 10, 0, 0, 63, 0, 0, 0, 63, 0, 0, 0, 191, 0, 0, 0, 63, 113, 61, 10, 63, 0, 0, 0, 191, 236, 255, 255, 62, 0, 0, 0, 63, 0, 0, 0, 191, 0, 0, 0, 63, 0, 0, 0, 63, 0, 0, 0, 191, 31, 133, 235, 62, 0, 0, 0, 63, 0, 0, 0, 191, 0, 0, 0, 63, 0, 0, 0, 63, 31, 133, 235, 190, 0, 0, 0, 63, 0, 0, 0, 191, 0, 0, 0, 191, 0, 0, 0, 191, 113, 61, 10, 191, 0, 0, 0, 191, 10, 0, 0, 191, 0, 0, 0, 191, 0, 0, 0, 191, 0, 0, 0, 191, 10, 0, 0, 191, 10, 0, 0, 191, 31, 133, 235, 190, 0, 0, 0, 191, 0, 0, 0, 191, 0, 0, 0, 191, 0, 0, 0, 191, 31, 133, 235, 190, 236, 255, 255, 190, 0, 0, 0, 63, 0, 0, 0, 191, 0, 0, 0, 191, 113, 61, 10, 63, 0, 0, 0, 191, 10, 0, 0, 191, 0, 0, 0, 63, 0, 0, 0, 191, 0, 0, 0, 191, 0, 0, 0, 63, 0, 0, 0, 191, 113, 61, 10, 191, 0, 0, 0, 63, 0, 0, 0, 191, 0, 0, 0, 191, 0, 0, 0, 63, 31, 133, 235, 190, 0, 0, 0, 191, 0, 0, 0, 191, 0, 0, 0, 191, 0, 0, 0, 63, 113, 61, 10, 191, 0, 0, 0, 191, 236, 255, 255, 62, 0, 0, 0, 191, 0, 0, 0, 191, 0, 0, 0, 63, 10, 0, 0, 191, 10, 0, 0, 191, 113, 61, 10, 63, 0, 0, 0, 191, 0, 0, 0, 191, 0, 0, 0, 63, 0, 0, 0, 191, 31, 133, 235, 190, 10, 0, 0, 63, 0, 0, 0, 63, 0, 0, 0, 63, 0, 0, 0, 63, 0, 0, 0, 63, 113, 61, 10, 63, 236, 255, 255, 62, 0, 0, 0, 63, 0, 0, 0, 63, 0, 0, 0, 63, 31, 133, 235, 62, 0, 0, 0, 63, 236, 255, 255, 62, 0, 0, 0, 63, 0, 0, 0, 63, 0, 0, 0, 63, 236, 255, 255, 62, 10, 0, 0, 63, 113, 61, 10, 63, 0, 0, 0, 191, 0, 0, 0, 191, 0, 0, 0, 63, 0, 0, 0, 191, 113, 61, 10, 191, 236, 255, 255, 62, 0, 0, 0, 191, 0, 0, 0, 191, 0, 0, 0, 63, 31, 133, 235, 190, 0, 0, 0, 191, 236, 255, 255, 62, 0, 0, 0, 191, 0, 0, 0, 191, 0, 0, 0, 63, 236, 255, 255, 190, 10, 0, 0, 191, 113, 61, 10, 63, 0, 0, 0, 191, 0, 0, 0, 63, 0, 0, 0, 63, 0, 0, 0, 191, 113, 61, 10, 63, 236, 255, 255, 62, 0, 0, 0, 191, 0, 0, 0, 63, 0, 0, 0, 63, 113, 61, 10, 191, 0, 0, 0, 63, 236, 255, 255, 62, 0, 0, 0, 191, 0, 0, 0, 63, 0, 0, 0, 63, 10, 0, 0, 191, 10, 0, 0, 63, 113, 61, 10, 63, 0, 0, 0, 63, 0, 0, 0, 191, 0, 0, 0, 63, 0, 0, 0, 63, 113, 61, 10, 191, 236, 255, 255, 62, 0, 0, 0, 63, 0, 0, 0, 191, 0, 0, 0, 63, 113, 61, 10, 63, 0, 0, 0, 191, 236, 255, 255, 62, 0, 0, 0, 63, 0, 0, 0, 191, 0, 0, 0, 63, 10, 0, 0, 63, 10, 0, 0, 191, 113, 61, 10, 63, 0, 0, 0, 63, 0, 0, 0, 63, 0, 0, 0, 191, 0, 0, 0, 63, 113, 61, 10, 63, 10, 0, 0, 191, 0, 0, 0, 63, 0, 0, 0, 63, 0, 0, 0, 191, 31, 133, 235, 62, 0, 0, 0, 63, 10, 0, 0, 191, 0, 0, 0, 63, 0, 0, 0, 63, 0, 0, 0, 191, 236, 255, 255, 62, 10, 0, 0, 63, 31, 133, 235, 190, 0, 0, 0, 191, 0, 0, 0, 191, 0, 0, 0, 191, 0, 0, 0, 191, 113, 61, 10, 191, 10, 0, 0, 191, 0, 0, 0, 191, 0, 0, 0, 191, 0, 0, 0, 191, 31, 133, 235, 190, 0, 0, 0, 191, 10, 0, 0, 191, 0, 0, 0, 191, 0, 0, 0, 191, 0, 0, 0, 191, 236, 255, 255, 190, 10, 0, 0, 191, 31, 133, 235, 190, 0, 0, 0, 191, 0, 0, 0, 63, 0, 0, 0, 191, 0, 0, 0, 191, 113, 61, 10, 63, 10, 0, 0, 191, 0, 0, 0, 191, 0, 0, 0, 63, 0, 0, 0, 191, 113, 61, 10, 191, 0, 0, 0, 63, 10, 0, 0, 191, 0, 0, 0, 191, 0, 0, 0, 63, 0, 0, 0, 191, 10, 0, 0, 191, 10, 0, 0, 63, 31, 133, 235, 190, 0, 0, 0, 63, 0, 0, 0, 191, 0, 0, 0, 191, 0, 0, 0, 63, 113, 61, 10, 191, 10, 0, 0, 191, 0, 0, 0, 63, 0, 0, 0, 191, 0, 0, 0, 191, 113, 61, 10, 63, 0, 0, 0, 191, 10, 0, 0, 191, 0, 0, 0, 63, 0, 0, 0, 191, 0, 0, 0, 191, 10, 0, 0, 63, 10, 0, 0, 191, 31, 133, 235, 190)
}]

[sub_resource type="StandardMaterial3D" id="StandardMaterial3D_5gsrs"]
transparency = 4
albedo_color = Color(1, 1, 1, 0.529412)

[sub_resource type="BoxMesh" id="BoxMesh_hvj2n"]

[sub_resource type="PlaneMesh" id="PlaneMesh_nopol"]
size = Vector2(1500, 1500)

[sub_resource type="ShaderMaterial" id="ShaderMaterial_8bme2"]
render_priority = 0
shader = ExtResource("4_8uwqe")
shader_parameter/ColorParameter = Color(0, 0.184314, 0.380392, 1)

[node name="lingkungan" type="Node3D"]
transform = Transform3D(1, 0, 0, 0, 1, 0, 0, 0, 1, 0, 5, 0)

[node name="lantai" type="StaticBody3D" parent="."]

[node name="m_lantai" type="MeshInstance3D" parent="lantai"]
transform = Transform3D(1, 0, 0, 0, 1, 0, 0, 0, 1, 0, -0.5, 0)
mesh = SubResource("QuadMesh_56wji")
skeleton = NodePath("../..")

[node name="f_lantai" type="CollisionShape3D" parent="lantai"]
transform = Transform3D(1, 0, 0, 0, 1, 0, 0, 0, 1, 0, -1, 0)
shape = SubResource("BoxShape3D_oj1l1")

[node name="peta" type="GridMap" parent="."]
unique_name_in_owner = true
transform = Transform3D(1, 0, 0, 0, 1, 0, 0, 0, 1, 0, -0.5, 0)
mesh_library = ExtResource("5_ng1rp")
physics_material = SubResource("PhysicsMaterial_x5iwc")
cell_size = Vector3(1, 1, 1)
cell_octant_size = 9
collision_layer = 3
data = {
"cells": PackedInt32Array(65533, 6, 0, 65532, 6, 0)
}

[node name="pos_debug" type="MeshInstance3D" parent="."]
unique_name_in_owner = true
transform = Transform3D(1, 0, 0, 0, 1, 0, 0, 0, 1, -0.5, 1.3, 5.5)
mesh = SubResource("ArrayMesh_cystw")
skeleton = NodePath("")

[node name="volume" type="MeshInstance3D" parent="pos_debug"]
material_override = SubResource("StandardMaterial3D_5gsrs")
cast_shadow = 0
mesh = SubResource("BoxMesh_hvj2n")

[node name="kamera" type="Camera3D" parent="pos_debug"]
transform = Transform3D(1, 0, 0, 0, -4.37114e-08, 1, 0, -1, -4.37114e-08, 0, 5, 0)
cull_mask = 3
projection = 1
size = 10.0

[node name="permukaan" type="Node3D" parent="."]
transform = Transform3D(1, 0, 0, 0, 1, 0, 0, 0, 1, 0, -4, 0)
script = ExtResource("3_kx3r3")
tinggi_maks = 60
tekstur = ExtResource("4_kp02e")
vegetasi = [{
"model": 0,
"posisi": Vector3(830.867, 6.03922, 224.552),
"rotasi": Basis(-0.865497, 0, 0.500915, 0, 1, 0, -0.500915, 0, -0.865497),
"tipe": "batu"
}, {
"model": 4,
"posisi": Vector3(833.363, 6.35294, 234.532),
"rotasi": Basis(0.467784, 0, -0.883843, 0, 1, 0, 0.883843, 0, 0.467784),
"tipe": "batu"
}, {
"model": 2,
"posisi": Vector3(848.333, 6.11765, 242.018),
"rotasi": Basis(-0.541448, 0, 0.840734, 0, 1, 0, -0.840734, 0, -0.541448),
"tipe": "pohon"
}, {
"model": 0,
"posisi": Vector3(825.877, 6.7451, 244.513),
"rotasi": Basis(-0.0688613, 0, -0.997626, 0, 1, 0, 0.997626, 0, -0.0688613),
"tipe": "semak"
}, {
"model": 1,
"posisi": Vector3(820.887, 6.66667, 247.008),
"rotasi": Basis(-0.139782, 0, -0.990182, 0, 1, 0, 0.990182, 0, -0.139782),
"tipe": "semak"
}, {
"model": 3,
"posisi": Vector3(840.848, 6.43137, 249.503),
"rotasi": Basis(-0.888178, 0, 0.4595, 0, 1, 0, -0.4595, 0, -0.888178),
"tipe": "batu"
}, {
"model": 4,
"posisi": Vector3(371.764, 6.35294, 254.493),
"rotasi": Basis(0.937946, 0, 0.346782, 0, 1, 0, -0.346782, 0, 0.937946),
"tipe": "semak"
}, {
"model": 2,
"posisi": Vector3(381.745, 6.43137, 254.493),
"rotasi": Basis(-0.730265, 0, 0.683164, 0, 1, 0, -0.683164, 0, -0.730265),
"tipe": "semak"
}, {
"model": 1,
"posisi": Vector3(424.162, 6.35294, 254.493),
"rotasi": Basis(0.995352, 0, 0.0963048, 0, 1, 0, -0.0963048, 0, 0.995352),
"tipe": "pohon"
}, {
"model": 1,
"posisi": Vector3(828.372, 6.58824, 254.493),
"rotasi": Basis(-0.616745, 0, 0.787163, 0, 1, 0, -0.787163, 0, -0.616745),
"tipe": "batu"
}, {
"model": 0,
"posisi": Vector3(404.201, 7.05882, 256.988),
"rotasi": Basis(0.618369, 0, 0.785888, 0, 1, 0, -0.785888, 0, 0.618369),
"tipe": "pohon"
}, {
"model": 4,
"posisi": Vector3(416.676, 6.90196, 256.988),
"rotasi": Basis(-0.771814, 0, 0.635848, 0, 1, 0, -0.635848, 0, -0.771814),
"tipe": "pohon"
}, {
"model": 2,
"posisi": Vector3(808.411, 6.27451, 256.988),
"rotasi": Basis(0.826261, 0, 0.563287, 0, 1, 0, -0.563287, 0, 0.826261),
"tipe": "pohon"
}, {
"model": 0,
"posisi": Vector3(351.803, 6.43137, 259.483),
"rotasi": Basis(-0.153022, 0, 0.988223, 0, 1, 0, -0.988223, 0, -0.153022),
"tipe": "semak"
}, {
"model": 1,
"posisi": Vector3(386.735, 7.21569, 259.483),
"rotasi": Basis(0.524496, 0, 0.851413, 0, 1, 0, -0.851413, 0, 0.524496),
"tipe": "pohon"
}, {
"model": 0,
"posisi": Vector3(803.421, 6.03922, 259.483),
"rotasi": Basis(-0.00661558, 0, -0.999978, 0, 1, 0, 0.999978, 0, -0.00661558),
"tipe": "pohon"
}, {
"model": 1,
"posisi": Vector3(828.372, 6.5098, 259.483),
"rotasi": Basis(-0.827574, 0, 0.561357, 0, 1, 0, -0.561357, 0, -0.827574),
"tipe": "batu"
}, {
"model": 2,
"posisi": Vector3(835.858, 6.35294, 259.483),
"rotasi": Basis(0.687848, 0, -0.725855, 0, 1, 0, 0.725855, 0, 0.687848),
"tipe": "batu"
}, {
"model": 0,
"posisi": Vector3(354.298, 6.7451, 261.979),
"rotasi": Basis(0.862395, 0, -0.506236, 0, 1, 0, 0.506236, 0, 0.862395),
"tipe": "pohon"
}, {
"model": 2,
"posisi": Vector3(431.647, 6.58824, 261.979),
"rotasi": Basis(-0.0727611, 0, -0.997349, 0, 1, 0, 0.997349, 0, -0.0727611),
"tipe": "pohon"
}, {
"model": 1,
"posisi": Vector3(820.887, 6.66667, 261.979),
"rotasi": Basis(-0.941245, 0, 0.337723, 0, 1, 0, -0.337723, 0, -0.941245),
"tipe": "semak"
}, {
"model": 1,
"posisi": Vector3(828.372, 6.5098, 261.979),
"rotasi": Basis(-0.235694, 0, 0.971827, 0, 1, 0, -0.971827, 0, -0.235694),
"tipe": "semak"
}, {
"model": 0,
"posisi": Vector3(374.259, 7.52941, 264.474),
"rotasi": Basis(-0.0224589, 0, 0.999748, 0, 1, 0, -0.999748, 0, -0.0224589),
"tipe": "batu"
}, {
"model": 0,
"posisi": Vector3(404.201, 7.60784, 264.474),
"rotasi": Basis(0.891661, 0, 0.452703, 0, 1, 0, -0.452703, 0, 0.891661),
"tipe": "pohon"
}, {
"model": 0,
"posisi": Vector3(444.123, 6.19608, 264.474),
"rotasi": Basis(-0.999212, 0, -0.0396825, 0, 1, 0, 0.0396825, 0, -0.999212),
"tipe": "semak"
}, {
"model": 0,
"posisi": Vector3(835.858, 6.27451, 264.474),
"rotasi": Basis(0.992597, 0, -0.121454, 0, 1, 0, 0.121454, 0, 0.992597),
"tipe": "batu"
}, {
"model": 2,
"posisi": Vector3(843.343, 6.03922, 264.474),
"rotasi": Basis(0.211835, 0, 0.977305, 0, 1, 0, -0.977305, 0, 0.211835),
"tipe": "batu"
}, {
"model": 0,
"posisi": Vector3(356.793, 7.29412, 266.969),
"rotasi": Basis(0.962987, 0, 0.269549, 0, 1, 0, -0.269549, 0, 0.962987),
"tipe": "pohon"
}, {
"model": 2,
"posisi": Vector3(379.25, 7.92157, 266.969),
"rotasi": Basis(0.980708, 0, 0.19548, 0, 1, 0, -0.19548, 0, 0.980708),
"tipe": "pohon"
}, {
"model": 0,
"posisi": Vector3(381.745, 8, 266.969),
"rotasi": Basis(-0.247776, 0, 0.968817, 0, 1, 0, -0.968817, 0, -0.247776),
"tipe": "pohon"
}, {
"model": 3,
"posisi": Vector3(416.676, 7.60784, 266.969),
"rotasi": Basis(-0.151894, 0, 0.988397, 0, 1, 0, -0.988397, 0, -0.151894),
"tipe": "pohon"
}, {
"model": 2,
"posisi": Vector3(431.647, 6.98039, 266.969),
"rotasi": Basis(-0.518315, 0, -0.85519, 0, 1, 0, 0.85519, 0, -0.518315),
"tipe": "semak"
}, {
"model": 4,
"posisi": Vector3(441.628, 6.5098, 266.969),
"rotasi": Basis(-0.503264, 0, 0.864133, 0, 1, 0, -0.864133, 0, -0.503264),
"tipe": "pohon"
}, {
"model": 0,
"posisi": Vector3(813.402, 6.35294, 266.969),
"rotasi": Basis(0.0960312, 0, 0.995378, 0, 1, 0, -0.995378, 0, 0.0960312),
"tipe": "pohon"
}, {
"model": 1,
"posisi": Vector3(361.784, 7.76471, 269.464),
"rotasi": Basis(0.262779, 0, 0.964856, 0, 1, 0, -0.964856, 0, 0.262779),
"tipe": "batu"
}, {
"model": 0,
"posisi": Vector3(813.402, 6.35294, 269.464),
"rotasi": Basis(0.968786, 0, -0.247899, 0, 1, 0, 0.247899, 0, 0.968786),
"tipe": "semak"
}, {
"model": 1,
"posisi": Vector3(815.897, 6.43137, 269.464),
"rotasi": Basis(0.477007, 0, -0.878899, 0, 1, 0, 0.878899, 0, 0.477007),
"tipe": "semak"
}, {
"model": 3,
"posisi": Vector3(833.363, 6.27451, 269.464),
"rotasi": Basis(0.470196, 0, -0.882562, 0, 1, 0, 0.882562, 0, 0.470196),
"tipe": "pohon"
}, {
"model": 0,
"posisi": Vector3(374.259, 8.23529, 271.959),
"rotasi": Basis(-0.919559, 0, 0.392952, 0, 1, 0, -0.392952, 0, -0.919559),
"tipe": "pohon"
}, {
"model": 1,
"posisi": Vector3(840.848, 6.27451, 271.959),
"rotasi": Basis(0.983275, 0, -0.182126, 0, 1, 0, 0.182126, 0, 0.983275),
"tipe": "pohon"
}, {
"model": 0,
"posisi": Vector3(416.676, 7.92157, 274.454),
"rotasi": Basis(0.49282, 0, 0.870131, 0, 1, 0, -0.870131, 0, 0.49282),
"tipe": "batu"
}, {
"model": 2,
"posisi": Vector3(818.392, 6.27451, 274.454),
"rotasi": Basis(0.0288294, 0, -0.999584, 0, 1, 0, 0.999584, 0, 0.0288294),
"tipe": "pohon"
}, {
"model": 2,
"posisi": Vector3(843.343, 6.19608, 274.454),
"rotasi": Basis(-0.888616, 0, -0.458652, 0, 1, 0, 0.458652, 0, -0.888616),
"tipe": "pohon"
}, {
"model": 2,
"posisi": Vector3(371.764, 8.70588, 276.949),
"rotasi": Basis(0.794505, 0, -0.607257, 0, 1, 0, 0.607257, 0, 0.794505),
"tipe": "semak"
}, {
"model": 1,
"posisi": Vector3(394.22, 8.62745, 276.949),
"rotasi": Basis(0.11568, 0, -0.993287, 0, 1, 0, 0.993287, 0, 0.11568),
"tipe": "pohon"
}, {
"model": 4,
"posisi": Vector3(394.22, 8.70588, 279.444),
"rotasi": Basis(-0.970727, 0, 0.240184, 0, 1, 0, -0.240184, 0, -0.970727),
"tipe": "pohon"
}, {
"model": 1,
"posisi": Vector3(446.618, 6.7451, 284.435),
"rotasi": Basis(-0.993263, 0, -0.11588, 0, 1, 0, 0.11588, 0, -0.993263),
"tipe": "batu"
}, {
"model": 1,
"posisi": Vector3(449.113, 6.58824, 284.435),
"rotasi": Basis(-0.000755298, 0, -1, 0, 1, 0, 1, 0, -0.000755298),
"tipe": "semak"
}, {
"model": 1,
"posisi": Vector3(828.372, 6.03922, 284.435),
"rotasi": Basis(0.938961, 0, -0.344023, 0, 1, 0, 0.344023, 0, 0.938961),
"tipe": "batu"
}, {
"model": 1,
"posisi": Vector3(833.363, 6.19608, 284.435),
"rotasi": Basis(-0.997128, 0, 0.075737, 0, 1, 0, -0.075737, 0, -0.997128),
"tipe": "semak"
}, {
"model": 2,
"posisi": Vector3(429.152, 8.07843, 286.93),
"rotasi": Basis(-0.9931, 0, -0.11727, 0, 1, 0, 0.11727, 0, -0.9931),
"tipe": "pohon"
}, {
"model": 0,
"posisi": Vector3(341.823, 7.60784, 289.425),
"rotasi": Basis(-0.601615, 0, -0.798786, 0, 1, 0, 0.798786, 0, -0.601615),
"tipe": "semak"
}, {
"model": 2,
"posisi": Vector3(369.269, 9.4902, 289.425),
"rotasi": Basis(-0.743789, 0, -0.668414, 0, 1, 0, 0.668414, 0, -0.743789),
"tipe": "semak"
}, {
"model": 0,
"posisi": Vector3(404.201, 8.62745, 289.425),
"rotasi": Basis(0.694331, 0, 0.719656, 0, 1, 0, -0.719656, 0, 0.694331),
"tipe": "pohon"
}, {
"model": 0,
"posisi": Vector3(376.754, 9.4902, 291.92),
"rotasi": Basis(-0.95989, 0, 0.280376, 0, 1, 0, -0.280376, 0, -0.95989),
"tipe": "batu"
}, {
"model": 0,
"posisi": Vector3(456.598, 6.11765, 291.92),
"rotasi": Basis(-0.532523, 0, -0.846415, 0, 1, 0, 0.846415, 0, -0.532523),
"tipe": "semak"
}, {
"model": 2,
"posisi": Vector3(339.327, 7.13726, 294.415),
"rotasi": Basis(-0.468495, 0, -0.883466, 0, 1, 0, 0.883466, 0, -0.468495),
"tipe": "pohon"
}, {
"model": 3,
"posisi": Vector3(354.298, 9.17647, 294.415),
"rotasi": Basis(0.960124, 0, 0.279574, 0, 1, 0, -0.279574, 0, 0.960124),
"tipe": "pohon"
}, {
"model": 4,
"posisi": Vector3(456.598, 6.11765, 294.415),
"rotasi": Basis(-0.156727, 0, -0.987642, 0, 1, 0, 0.987642, 0, -0.156727),
"tipe": "batu"
}, {
"model": 1,
"posisi": Vector3(394.22, 9.2549, 296.91),
"rotasi": Basis(0.994332, 0, 0.106321, 0, 1, 0, -0.106321, 0, 0.994332),
"tipe": "pohon"
}, {
"model": 2,
"posisi": Vector3(406.696, 9.2549, 296.91),
"rotasi": Basis(-0.178431, 0, -0.983952, 0, 1, 0, 0.983952, 0, -0.178431),
"tipe": "batu"
}, {
"model": 1,
"posisi": Vector3(434.142, 7.60784, 296.91),
"rotasi": Basis(0.868157, 0, 0.49629, 0, 1, 0, -0.49629, 0, 0.868157),
"tipe": "pohon"
}, {
"model": 4,
"posisi": Vector3(456.598, 6.11765, 296.91),
"rotasi": Basis(0.797165, 0, -0.603762, 0, 1, 0, 0.603762, 0, 0.797165),
"tipe": "pohon"
}, {
"model": 2,
"posisi": Vector3(339.327, 7.21569, 299.405),
"rotasi": Basis(0.322873, 0, 0.946442, 0, 1, 0, -0.946442, 0, 0.322873),
"tipe": "batu"
}, {
"model": 2,
"posisi": Vector3(381.745, 9.41177, 299.405),
"rotasi": Basis(0.637552, 0, 0.770408, 0, 1, 0, -0.770408, 0, 0.637552),
"tipe": "pohon"
}, {
"model": 3,
"posisi": Vector3(853.324, 6.03922, 301.901),
"rotasi": Basis(-0.998201, 0, 0.0599512, 0, 1, 0, -0.0599512, 0, -0.998201),
"tipe": "pohon"
}, {
"model": 4,
"posisi": Vector3(840.848, 6.19608, 304.396),
"rotasi": Basis(0.597849, 0, -0.801609, 0, 1, 0, 0.801609, 0, 0.597849),
"tipe": "semak"
}, {
"model": 1,
"posisi": Vector3(843.343, 6.27451, 304.396),
"rotasi": Basis(-0.951041, 0, 0.309063, 0, 1, 0, -0.309063, 0, -0.951041),
"tipe": "pohon"
}, {
"model": 1,
"posisi": Vector3(853.324, 6.03922, 304.396),
"rotasi": Basis(-0.633319, 0, -0.773891, 0, 1, 0, 0.773891, 0, -0.633319),
"tipe": "batu"
}, {
"model": 2,
"posisi": Vector3(384.24, 9.41177, 306.891),
"rotasi": Basis(0.278836, 0, 0.960339, 0, 1, 0, -0.960339, 0, 0.278836),
"tipe": "pohon"
}, {
"model": 1,
"posisi": Vector3(409.191, 9.88235, 306.891),
"rotasi": Basis(0.998948, 0, -0.0458631, 0, 1, 0, 0.0458631, 0, 0.998948),
"tipe": "pohon"
}, {
"model": 2,
"posisi": Vector3(416.676, 9.64706, 306.891),
"rotasi": Basis(0.136988, 0, -0.990573, 0, 1, 0, 0.990573, 0, 0.136988),
"tipe": "semak"
}, {
"model": 2,
"posisi": Vector3(419.172, 9.4902, 306.891),
"rotasi": Basis(-0.255326, 0, 0.966855, 0, 1, 0, -0.966855, 0, -0.255326),
"tipe": "semak"
}, {
"model": 1,
"posisi": Vector3(431.647, 8.23529, 306.891),
"rotasi": Basis(-0.827748, 0, -0.5611, 0, 1, 0, 0.5611, 0, -0.827748),
"tipe": "semak"
}, {
"model": 0,
"posisi": Vector3(396.715, 9.64706, 309.386),
"rotasi": Basis(-0.439073, 0, -0.898451, 0, 1, 0, 0.898451, 0, -0.439073),
"tipe": "pohon"
}, {
"model": 1,
"posisi": Vector3(419.172, 9.56863, 309.386),
"rotasi": Basis(0.996278, 0, -0.0862012, 0, 1, 0, 0.0862012, 0, 0.996278),
"tipe": "pohon"
}, {
"model": 1,
"posisi": Vector3(426.657, 9.01961, 309.386),
"rotasi": Basis(-0.375036, 0, 0.92701, 0, 1, 0, -0.92701, 0, -0.375036),
"tipe": "semak"
}, {
"model": 2,
"posisi": Vector3(361.784, 9.80392, 311.881),
"rotasi": Basis(0.953124, 0, -0.302581, 0, 1, 0, 0.302581, 0, 0.953124),
"tipe": "batu"
}, {
"model": 4,
"posisi": Vector3(389.23, 9.41177, 311.881),
"rotasi": Basis(-0.409114, 0, 0.912483, 0, 1, 0, -0.912483, 0, -0.409114),
"tipe": "batu"
}, {
"model": 0,
"posisi": Vector3(838.353, 6.19608, 311.881),
"rotasi": Basis(0.999998, 0, 0.00216521, 0, 1, 0, -0.00216521, 0, 0.999998),
"tipe": "pohon"
}, {
"model": 2,
"posisi": Vector3(850.828, 6.03922, 311.881),
"rotasi": Basis(0.828032, 0, -0.560681, 0, 1, 0, 0.560681, 0, 0.828032),
"tipe": "pohon"
}, {
"model": 2,
"posisi": Vector3(359.288, 9.72549, 314.376),
"rotasi": Basis(-0.463322, 0, 0.88619, 0, 1, 0, -0.88619, 0, -0.463322),
"tipe": "semak"
}, {
"model": 4,
"posisi": Vector3(446.618, 6.98039, 314.376),
"rotasi": Basis(0.273356, 0, -0.961913, 0, 1, 0, 0.961913, 0, 0.273356),
"tipe": "pohon"
}, {
"model": 2,
"posisi": Vector3(401.706, 9.80392, 316.871),
"rotasi": Basis(-0.183015, 0, -0.98311, 0, 1, 0, 0.98311, 0, -0.183015),
"tipe": "semak"
}, {
"model": 2,
"posisi": Vector3(454.103, 6.19608, 316.871),
"rotasi": Basis(-0.78309, 0, 0.621908, 0, 1, 0, -0.621908, 0, -0.78309),
"tipe": "semak"
}, {
"model": 4,
"posisi": Vector3(414.181, 10.1176, 319.366),
"rotasi": Basis(-0.471702, 0, -0.881758, 0, 1, 0, 0.881758, 0, -0.471702),
"tipe": "pohon"
}, {
"model": 4,
"posisi": Vector3(426.657, 9.2549, 319.366),
"rotasi": Basis(0.999994, 0, 0.00355039, 0, 1, 0, -0.00355039, 0, 0.999994),
"tipe": "pohon"
}, {
"model": 3,
"posisi": Vector3(431.647, 8.70588, 319.366),
"rotasi": Basis(0.82839, 0, -0.560152, 0, 1, 0, 0.560152, 0, 0.82839),
"tipe": "semak"
}, {
"model": 3,
"posisi": Vector3(808.411, 6.11765, 319.366),
"rotasi": Basis(0.332588, 0, 0.943072, 0, 1, 0, -0.943072, 0, 0.332588),
"tipe": "semak"
}, {
"model": 2,
"posisi": Vector3(334.337, 6.5098, 321.862),
"rotasi": Basis(-0.999987, 0, -0.0050369, 0, 1, 0, 0.0050369, 0, -0.999987),
"tipe": "semak"
}, {
"model": 3,
"posisi": Vector3(364.279, 9.41177, 321.862),
"rotasi": Basis(-0.301559, 0, 0.953447, 0, 1, 0, -0.953447, 0, -0.301559),
"tipe": "semak"
}, {
"model": 2,
"posisi": Vector3(369.269, 9.33333, 321.862),
"rotasi": Basis(-0.76478, 0, -0.644292, 0, 1, 0, 0.644292, 0, -0.76478),
"tipe": "batu"
}, {
"model": 0,
"posisi": Vector3(421.667, 9.72549, 321.862),
"rotasi": Basis(-0.987678, 0, 0.156499, 0, 1, 0, -0.156499, 0, -0.987678),
"tipe": "batu"
}, {
"model": 3,
"posisi": Vector3(823.382, 6.03922, 321.862),
"rotasi": Basis(-0.66815, 0, 0.744027, 0, 1, 0, -0.744027, 0, -0.66815),
"tipe": "semak"
}, {
"model": 4,
"posisi": Vector3(371.764, 9.2549, 326.852),
"rotasi": Basis(-0.364365, 0, -0.931256, 0, 1, 0, 0.931256, 0, -0.364365),
"tipe": "batu"
}, {
"model": 4,
"posisi": Vector3(394.22, 9.72549, 326.852),
"rotasi": Basis(0.0229973, 0, -0.999736, 0, 1, 0, 0.999736, 0, 0.0229973),
"tipe": "semak"
}, {
"model": 4,
"posisi": Vector3(346.813, 7.84314, 329.347),
"rotasi": Basis(-0.938301, 0, 0.345819, 0, 1, 0, -0.345819, 0, -0.938301),
"tipe": "batu"
}, {
"model": 1,
"posisi": Vector3(394.22, 9.72549, 329.347),
"rotasi": Basis(0.558519, 0, -0.829491, 0, 1, 0, 0.829491, 0, 0.558519),
"tipe": "pohon"
}, {
"model": 1,
"posisi": Vector3(444.123, 7.37255, 329.347),
"rotasi": Basis(0.0785728, 0, -0.996908, 0, 1, 0, 0.996908, 0, 0.0785728),
"tipe": "pohon"
}, {
"model": 1,
"posisi": Vector3(810.906, 6.43137, 329.347),
"rotasi": Basis(0.597288, 0, -0.802027, 0, 1, 0, 0.802027, 0, 0.597288),
"tipe": "pohon"
}, {
"model": 4,
"posisi": Vector3(813.402, 6.5098, 329.347),
"rotasi": Basis(-0.509706, 0, 0.860349, 0, 1, 0, -0.860349, 0, -0.509706),
"tipe": "semak"
}, {
"model": 4,
"posisi": Vector3(818.392, 6.27451, 329.347),
"rotasi": Basis(-0.773223, 0, 0.634134, 0, 1, 0, -0.634134, 0, -0.773223),
"tipe": "pohon"
}, {
"model": 4,
"posisi": Vector3(351.803, 8.23529, 331.842),
"rotasi": Basis(0.812679, 0, 0.582712, 0, 1, 0, -0.582712, 0, 0.812679),
"tipe": "pohon"
}, {
"model": 4,
"posisi": Vector3(381.745, 9.2549, 331.842),
"rotasi": Basis(-0.728319, 0, -0.685238, 0, 1, 0, 0.685238, 0, -0.728319),
"tipe": "semak"
}, {
"model": 0,
"posisi": Vector3(386.735, 9.33333, 331.842),
"rotasi": Basis(0.25461, 0, -0.967044, 0, 1, 0, 0.967044, 0, 0.25461),
"tipe": "batu"
}, {
"model": 3,
"posisi": Vector3(389.23, 9.4902, 331.842),
"rotasi": Basis(-0.936695, 0, -0.350147, 0, 1, 0, 0.350147, 0, -0.936695),
"tipe": "batu"
}, {
"model": 2,
"posisi": Vector3(394.22, 9.56863, 331.842),
"rotasi": Basis(0.784748, 0, 0.619814, 0, 1, 0, -0.619814, 0, 0.784748),
"tipe": "pohon"
}, {
"model": 0,
"posisi": Vector3(459.094, 6.03922, 331.842),
"rotasi": Basis(0.957066, 0, 0.289869, 0, 1, 0, -0.289869, 0, 0.957066),
"tipe": "semak"
}, {
"model": 1,
"posisi": Vector3(823.382, 6.03922, 331.842),
"rotasi": Basis(0.159007, 0, 0.987277, 0, 1, 0, -0.987277, 0, 0.159007),
"tipe": "batu"
}, {
"model": 0,
"posisi": Vector3(336.832, 6.35294, 334.337),
"rotasi": Basis(-0.952925, 0, 0.303205, 0, 1, 0, -0.303205, 0, -0.952925),
"tipe": "batu"
}, {
"model": 1,
"posisi": Vector3(401.706, 9.17647, 334.337),
"rotasi": Basis(-0.857348, 0, 0.514738, 0, 1, 0, -0.514738, 0, -0.857348),
"tipe": "semak"
}, {
"model": 0,
"posisi": Vector3(409.191, 9.41177, 334.337),
"rotasi": Basis(0.499856, 0, 0.866109, 0, 1, 0, -0.866109, 0, 0.499856),
"tipe": "semak"
}, {
"model": 2,
"posisi": Vector3(416.676, 9.01961, 336.832),
"rotasi": Basis(0.548005, 0, 0.836475, 0, 1, 0, -0.836475, 0, 0.548005),
"tipe": "batu"
}, {
"model": 4,
"posisi": Vector3(431.647, 8.07843, 336.832),
"rotasi": Basis(0.584912, 0, 0.811097, 0, 1, 0, -0.811097, 0, 0.584912),
"tipe": "semak"
}, {
"model": 3,
"posisi": Vector3(424.162, 8.31373, 339.327),
"rotasi": Basis(-0.883346, 0, 0.46872, 0, 1, 0, -0.46872, 0, -0.883346),
"tipe": "batu"
}, {
"model": 4,
"posisi": Vector3(444.123, 6.90196, 339.327),
"rotasi": Basis(-0.935149, 0, 0.354254, 0, 1, 0, -0.354254, 0, -0.935149),
"tipe": "pohon"
}, {
"model": 1,
"posisi": Vector3(371.764, 8.78431, 341.823),
"rotasi": Basis(0.999997, 0, 0.00262419, 0, 1, 0, -0.00262419, 0, 0.999997),
"tipe": "semak"
}, {
"model": 3,
"posisi": Vector3(406.696, 8.31373, 341.823),
"rotasi": Basis(0.337699, 0, 0.941254, 0, 1, 0, -0.941254, 0, 0.337699),
"tipe": "batu"
}, {
"model": 0,
"posisi": Vector3(416.676, 8, 346.813),
"rotasi": Basis(0.656118, 0, -0.754658, 0, 1, 0, 0.754658, 0, 0.656118),
"tipe": "semak"
}, {
"model": 0,
"posisi": Vector3(441.628, 6.90196, 346.813),
"rotasi": Basis(0.816077, 0, 0.577943, 0, 1, 0, -0.577943, 0, 0.816077),
"tipe": "pohon"
}, {
"model": 2,
"posisi": Vector3(444.123, 6.66667, 346.813),
"rotasi": Basis(0.588718, 0, 0.808338, 0, 1, 0, -0.808338, 0, 0.588718),
"tipe": "pohon"
}, {
"model": 4,
"posisi": Vector3(451.608, 6.19608, 346.813),
"rotasi": Basis(0.53009, 0, 0.847942, 0, 1, 0, -0.847942, 0, 0.53009),
"tipe": "pohon"
}, {
"model": 3,
"posisi": Vector3(416.676, 7.84314, 349.308),
"rotasi": Basis(-0.391129, 0, -0.920336, 0, 1, 0, 0.920336, 0, -0.391129),
"tipe": "pohon"
}, {
"model": 1,
"posisi": Vector3(439.133, 6.98039, 349.308),
"rotasi": Basis(-0.388041, 0, 0.921642, 0, 1, 0, -0.921642, 0, -0.388041),
"tipe": "pohon"
}, {
"model": 4,
"posisi": Vector3(444.123, 6.66667, 349.308),
"rotasi": Basis(0.514066, 0, -0.857751, 0, 1, 0, 0.857751, 0, 0.514066),
"tipe": "semak"
}, {
"model": 4,
"posisi": Vector3(451.608, 6.19608, 349.308),
"rotasi": Basis(-0.414184, 0, 0.910193, 0, 1, 0, -0.910193, 0, -0.414184),
"tipe": "semak"
}, {
"model": 4,
"posisi": Vector3(356.793, 7.60784, 351.803),
"rotasi": Basis(0.136894, 0, -0.990586, 0, 1, 0, 0.990586, 0, 0.136894),
"tipe": "batu"
}, {
"model": 1,
"posisi": Vector3(441.628, 6.82353, 351.803),
"rotasi": Basis(-0.977096, 0, 0.212801, 0, 1, 0, -0.212801, 0, -0.977096),
"tipe": "semak"
}, {
"model": 4,
"posisi": Vector3(446.618, 6.5098, 354.298),
"rotasi": Basis(-0.101649, 0, 0.99482, 0, 1, 0, -0.99482, 0, -0.101649),
"tipe": "batu"
}, {
"model": 4,
"posisi": Vector3(361.784, 7.60784, 356.793),
"rotasi": Basis(0.146467, 0, -0.989216, 0, 1, 0, 0.989216, 0, 0.146467),
"tipe": "semak"
}, {
"model": 0,
"posisi": Vector3(421.667, 7.52941, 356.793),
"rotasi": Basis(-0.827198, 0, -0.56191, 0, 1, 0, 0.56191, 0, -0.827198),
"tipe": "batu"
}, {
"model": 4,
"posisi": Vector3(369.269, 7.68627, 359.288),
"rotasi": Basis(-0.575487, 0, -0.817811, 0, 1, 0, 0.817811, 0, -0.575487),
"tipe": "semak"
}, {
"model": 3,
"posisi": Vector3(411.686, 7.21569, 359.288),
"rotasi": Basis(0.861194, 0, 0.508276, 0, 1, 0, -0.508276, 0, 0.861194),
"tipe": "pohon"
}, {
"model": 2,
"posisi": Vector3(396.715, 7.05882, 361.784),
"rotasi": Basis(0.624223, 0, 0.781246, 0, 1, 0, -0.781246, 0, 0.624223),
"tipe": "semak"
}, {
"model": 3,
"posisi": Vector3(379.25, 7.37255, 364.279),
"rotasi": Basis(0.143212, 0, 0.989692, 0, 1, 0, -0.989692, 0, 0.143212),
"tipe": "pohon"
}, {
"model": 3,
"posisi": Vector3(396.715, 7.05882, 364.279),
"rotasi": Basis(0.100386, 0, -0.994949, 0, 1, 0, 0.994949, 0, 0.100386),
"tipe": "batu"
}, {
"model": 2,
"posisi": Vector3(444.123, 6.66667, 364.279),
"rotasi": Basis(-0.0518428, 0, -0.998655, 0, 1, 0, 0.998655, 0, -0.0518428),
"tipe": "pohon"
}, {
"model": 1,
"posisi": Vector3(366.774, 7.13726, 366.774),
"rotasi": Basis(0.930889, 0, 0.365301, 0, 1, 0, -0.365301, 0, 0.930889),
"tipe": "semak"
}, {
"model": 1,
"posisi": Vector3(381.745, 7.13726, 366.774),
"rotasi": Basis(-0.337824, 0, -0.941209, 0, 1, 0, 0.941209, 0, -0.337824),
"tipe": "batu"
}, {
"model": 0,
"posisi": Vector3(431.647, 6.90196, 369.269),
"rotasi": Basis(-0.84552, 0, -0.533944, 0, 1, 0, 0.533944, 0, -0.84552),
"tipe": "batu"
}, {
"model": 1,
"posisi": Vector3(456.598, 6.35294, 369.269),
"rotasi": Basis(-0.0948794, 0, 0.995489, 0, 1, 0, -0.995489, 0, -0.0948794),
"tipe": "batu"
}, {
"model": 3,
"posisi": Vector3(915.702, 6.19608, 369.269),
"rotasi": Basis(-0.8034, 0, -0.59544, 0, 1, 0, 0.59544, 0, -0.8034),
"tipe": "pohon"
}, {
"model": 1,
"posisi": Vector3(900.731, 6.03922, 371.764),
"rotasi": Basis(0.984391, 0, 0.175994, 0, 1, 0, -0.175994, 0, 0.984391),
"tipe": "pohon"
}, {
"model": 0,
"posisi": Vector3(366.774, 6.66667, 374.259),
"rotasi": Basis(0.560866, 0, -0.827906, 0, 1, 0, 0.827906, 0, 0.560866),
"tipe": "pohon"
}, {
"model": 3,
"posisi": Vector3(444.123, 6.7451, 374.259),
"rotasi": Basis(-0.978262, 0, -0.207374, 0, 1, 0, 0.207374, 0, -0.978262),
"tipe": "batu"
}, {
"model": 4,
"posisi": Vector3(371.764, 6.58824, 376.754),
"rotasi": Basis(-0.999422, 0, -0.0339973, 0, 1, 0, 0.0339973, 0, -0.999422),
"tipe": "semak"
}, {
"model": 0,
"posisi": Vector3(369.269, 6.5098, 379.25),
"rotasi": Basis(0.873975, 0, 0.48597, 0, 1, 0, -0.48597, 0, 0.873975),
"tipe": "semak"
}, {
"model": 0,
"posisi": Vector3(394.22, 6.82353, 379.25),
"rotasi": Basis(0.135464, 0, -0.990782, 0, 1, 0, 0.990782, 0, 0.135464),
"tipe": "pohon"
}, {
"model": 4,
"posisi": Vector3(409.191, 6.7451, 379.25),
"rotasi": Basis(0.0382859, 0, -0.999267, 0, 1, 0, 0.999267, 0, 0.0382859),
"tipe": "semak"
}, {
"model": 1,
"posisi": Vector3(424.162, 6.7451, 379.25),
"rotasi": Basis(-0.981924, 0, -0.189273, 0, 1, 0, 0.189273, 0, -0.981924),
"tipe": "semak"
}, {
"model": 1,
"posisi": Vector3(429.152, 6.58824, 379.25),
"rotasi": Basis(0.58108, 0, 0.813847, 0, 1, 0, -0.813847, 0, 0.58108),
"tipe": "semak"
}, {
"model": 3,
"posisi": Vector3(441.628, 6.58824, 379.25),
"rotasi": Basis(-0.686942, 0, -0.726712, 0, 1, 0, 0.726712, 0, -0.686942),
"tipe": "semak"
}, {
"model": 4,
"posisi": Vector3(444.123, 6.66667, 379.25),
"rotasi": Basis(0.235291, 0, -0.971925, 0, 1, 0, 0.971925, 0, 0.235291),
"tipe": "batu"
}, {
"model": 4,
"posisi": Vector3(376.754, 6.5098, 381.745),
"rotasi": Basis(0.657565, 0, 0.753398, 0, 1, 0, -0.753398, 0, 0.657565),
"tipe": "pohon"
}, {
"model": 3,
"posisi": Vector3(389.23, 6.58824, 381.745),
"rotasi": Basis(0.200905, 0, 0.979611, 0, 1, 0, -0.979611, 0, 0.200905),
"tipe": "semak"
}, {
"model": 1,
"posisi": Vector3(404.201, 6.58824, 381.745),
"rotasi": Basis(0.55475, 0, 0.832017, 0, 1, 0, -0.832017, 0, 0.55475),
"tipe": "pohon"
}, {
"model": 2,
"posisi": Vector3(920.692, 6.11765, 381.745),
"rotasi": Basis(-0.718408, 0, 0.695622, 0, 1, 0, -0.695622, 0, -0.718408),
"tipe": "batu"
}, {
"model": 2,
"posisi": Vector3(409.191, 6.58824, 384.24),
"rotasi": Basis(-0.899145, 0, 0.437651, 0, 1, 0, -0.437651, 0, -0.899145),
"tipe": "batu"
}, {
"model": 0,
"posisi": Vector3(429.152, 6.58824, 384.24),
"rotasi": Basis(-0.786953, 0, 0.617013, 0, 1, 0, -0.617013, 0, -0.786953),
"tipe": "semak"
}, {
"model": 0,
"posisi": Vector3(389.23, 6.19608, 386.735),
"rotasi": Basis(0.100794, 0, -0.994907, 0, 1, 0, 0.994907, 0, 0.100794),
"tipe": "semak"
}, {
"model": 4,
"posisi": Vector3(451.608, 6.27451, 386.735),
"rotasi": Basis(-0.331748, 0, 0.943368, 0, 1, 0, -0.943368, 0, -0.331748),
"tipe": "semak"
}, {
"model": 2,
"posisi": Vector3(895.741, 6.27451, 386.735),
"rotasi": Basis(0.833085, 0, -0.553145, 0, 1, 0, 0.553145, 0, 0.833085),
"tipe": "semak"
}, {
"model": 4,
"posisi": Vector3(913.207, 6.90196, 386.735),
"rotasi": Basis(0.983968, 0, 0.178347, 0, 1, 0, -0.178347, 0, 0.983968),
"tipe": "pohon"
}, {
"model": 3,
"posisi": Vector3(920.692, 6.35294, 386.735),
"rotasi": Basis(-0.998972, 0, 0.045333, 0, 1, 0, -0.045333, 0, -0.998972),
"tipe": "batu"
}, {
"model": 3,
"posisi": Vector3(449.113, 6.35294, 389.23),
"rotasi": Basis(0.158932, 0, 0.98729, 0, 1, 0, -0.98729, 0, 0.158932),
"tipe": "semak"
}, {
"model": 2,
"posisi": Vector3(411.686, 6.5098, 394.22),
"rotasi": Basis(0.539114, 0, 0.842233, 0, 1, 0, -0.842233, 0, 0.539114),
"tipe": "semak"
}, {
"model": 2,
"posisi": Vector3(414.181, 6.66667, 394.22),
"rotasi": Basis(-0.787175, 0, -0.61673, 0, 1, 0, 0.61673, 0, -0.787175),
"tipe": "batu"
}, {
"model": 2,
"posisi": Vector3(900.731, 6.66667, 394.22),
"rotasi": Basis(-0.997867, 0, -0.0652765, 0, 1, 0, 0.0652765, 0, -0.997867),
"tipe": "batu"
}, {
"model": 3,
"posisi": Vector3(918.197, 6.90196, 394.22),
"rotasi": Basis(-0.900015, 0, 0.435858, 0, 1, 0, -0.435858, 0, -0.900015),
"tipe": "pohon"
}, {
"model": 2,
"posisi": Vector3(419.172, 6.66667, 396.715),
"rotasi": Basis(-0.789839, 0, -0.613315, 0, 1, 0, 0.613315, 0, -0.789839),
"tipe": "semak"
}, {
"model": 1,
"posisi": Vector3(424.162, 6.58824, 396.715),
"rotasi": Basis(0.978292, 0, 0.207229, 0, 1, 0, -0.207229, 0, 0.978292),
"tipe": "pohon"
}, {
"model": 4,
"posisi": Vector3(426.657, 6.27451, 399.211),
"rotasi": Basis(-0.776116, 0, 0.63059, 0, 1, 0, -0.63059, 0, -0.776116),
"tipe": "pohon"
}, {
"model": 2,
"posisi": Vector3(920.692, 6.66667, 399.211),
"rotasi": Basis(0.452106, 0, 0.891964, 0, 1, 0, -0.891964, 0, 0.452106),
"tipe": "pohon"
}, {
"model": 3,
"posisi": Vector3(888.255, 6.11765, 401.706),
"rotasi": Basis(-0.850455, 0, -0.526048, 0, 1, 0, 0.526048, 0, -0.850455),
"tipe": "pohon"
}, {
"model": 0,
"posisi": Vector3(895.741, 6.5098, 401.706),
"rotasi": Basis(0.764583, 0, -0.644525, 0, 1, 0, 0.644525, 0, 0.764583),
"tipe": "pohon"
}, {
"model": 3,
"posisi": Vector3(915.702, 7.13726, 401.706),
"rotasi": Basis(-0.327284, 0, -0.944926, 0, 1, 0, 0.944926, 0, -0.327284),
"tipe": "semak"
}, {
"model": 3,
"posisi": Vector3(920.692, 6.7451, 401.706),
"rotasi": Basis(0.997253, 0, 0.0740758, 0, 1, 0, -0.0740758, 0, 0.997253),
"tipe": "pohon"
}, {
"model": 2,
"posisi": Vector3(419.172, 6.19608, 404.201),
"rotasi": Basis(0.879925, 0, 0.475113, 0, 1, 0, -0.475113, 0, 0.879925),
"tipe": "semak"
}, {
"model": 3,
"posisi": Vector3(898.236, 6.66667, 406.696),
"rotasi": Basis(-0.368657, 0, -0.929565, 0, 1, 0, 0.929565, 0, -0.368657),
"tipe": "semak"
}, {
"model": 2,
"posisi": Vector3(424.162, 6.03922, 409.191),
"rotasi": Basis(0.999872, 0, -0.0159708, 0, 1, 0, 0.0159708, 0, 0.999872),
"tipe": "pohon"
}, {
"model": 0,
"posisi": Vector3(893.246, 6.35294, 409.191),
"rotasi": Basis(-0.588409, 0, -0.808564, 0, 1, 0, 0.808564, 0, -0.588409),
"tipe": "semak"
}, {
"model": 0,
"posisi": Vector3(895.741, 6.5098, 409.191),
"rotasi": Basis(0.992303, 0, 0.123831, 0, 1, 0, -0.123831, 0, 0.992303),
"tipe": "pohon"
}, {
"model": 2,
"posisi": Vector3(411.686, 6.03922, 411.686),
